 start of step #           1 , time =    0.0000000000000000      , dt =    4.1935258075043377E-002
 i,x(i),a(i),phi(i)
           0  -1.5625000000000000E-002  0.59615705608064606        0.0000000000000000     
           1   1.5625000000000000E-002  0.59615705608064606        0.0000000000000000     
           2   4.6875000000000000E-002  0.56629392246050914        0.0000000000000000     
           3   7.8125000000000000E-002  0.51111404660392046        0.0000000000000000     
           4  0.10937500000000000       0.43901806440322572        0.0000000000000000     
           5  0.14062500000000000       0.36098193559677438        0.0000000000000000     
           6  0.17187500000000000       0.28888595339607964        0.0000000000000000     
           7  0.20312500000000000       0.23370607753949094        1.0000000000000000     
           8  0.23437500000000000       0.20384294391935392        1.0000000000000000     
           9  0.26562500000000000       0.20384294391935392        1.0000000000000000     
          10  0.29687500000000000       0.23370607753949094        1.0000000000000000     
          11  0.32812500000000000       0.28888595339607959        0.0000000000000000     
          12  0.35937500000000000       0.36098193559677427        0.0000000000000000     
          13  0.39062500000000000       0.43901806440322572        0.0000000000000000     
          14  0.42187500000000000       0.51111404660392035        0.0000000000000000     
          15  0.45312500000000000       0.56629392246050914        0.0000000000000000     
          16  0.48437500000000000       0.59615705608064606        0.0000000000000000     
          17  0.51562500000000000       0.59615705608064606        0.0000000000000000     
          18  0.54687500000000000       0.56629392246050914        0.0000000000000000     
          19  0.57812500000000000       0.51111404660392046        0.0000000000000000     
          20  0.60937500000000000       0.43901806440322577        0.0000000000000000     
          21  0.64062500000000000       0.36098193559677455        3.8060233744356631E-002
          22  0.67187500000000000       0.28888595339607964       0.30865828381745508     
          23  0.70312500000000000       0.23370607753949099       0.69134171618254481     
          24  0.73437500000000000       0.20384294391935392       0.96193976625564337     
          25  0.76562500000000000       0.20384294391935387       0.96193976625564337     
          26  0.79687500000000000       0.23370607753949091       0.69134171618254514     
          27  0.82812500000000000       0.28888595339607953       0.30865828381745497     
          28  0.85937500000000000       0.36098193559677444        3.8060233744356742E-002
          29  0.89062500000000000       0.43901806440322544        0.0000000000000000     
          30  0.92187500000000000       0.51111404660392035        0.0000000000000000     
          31  0.95312500000000000       0.56629392246050902        0.0000000000000000     
          32  0.98437500000000000       0.59615705608064606        0.0000000000000000     
          33   1.0156250000000000       0.59615705608064606        0.0000000000000000     

 start of step #           2 , time =    4.1935258075043377E-002 , dt =    4.1958013453638386E-002
 i,x(i),a(i),phi(i)
           0  -1.5625000000000000E-002  0.59583373811593376        0.0000000000000000     
           1   1.5625000000000000E-002  0.59583373811593376        0.0000000000000000     
           2   4.6875000000000000E-002  0.56598680037485827        0.0000000000000000     
           3   7.8125000000000000E-002  0.51083685060062178        0.0000000000000000     
           4  0.10937500000000000       0.43877996871081204        0.0000000000000000     
           5  0.14062500000000000       0.36078616177589168        0.0000000000000000     
           6  0.17187500000000000       0.28872927988608199        0.0000000000000000     
           7  0.20312500000000000       0.23357933011184537       0.68638321038961114     
           8  0.23437500000000000       0.20373239237076993        1.0000000000000000     
           9  0.26562500000000000       0.20373239237076993        1.0000000000000000     
          10  0.29687500000000000       0.23357933011184537        1.0000000000000000     
          11  0.32812500000000000       0.28872927988608194       0.38766422431742564     
          12  0.35937500000000000       0.36078616177589162        0.0000000000000000     
          13  0.39062500000000000       0.43877996871081204        0.0000000000000000     
          14  0.42187500000000000       0.51083685060062167        0.0000000000000000     
          15  0.45312500000000000       0.56598680037485827        0.0000000000000000     
          16  0.48437500000000000       0.59583373811593376        0.0000000000000000     
          17  0.51562500000000000       0.59583373811593376        0.0000000000000000     
          18  0.54687500000000000       0.56598680037485838        0.0000000000000000     
          19  0.57812500000000000       0.51083685060062178        0.0000000000000000     
          20  0.60937500000000000       0.43877996871081210        0.0000000000000000     
          21  0.64062500000000000       0.36078616177589184        1.9623405118518868E-002
          22  0.67187500000000000       0.28872927988608205       0.20375710063405944     
          23  0.70312500000000000       0.23357933011184540       0.57132576668712098     
          24  0.73437500000000000       0.20373239237076993       0.88791967026499841     
          25  0.76562500000000000       0.20373239237076990       0.96193976625564337     
          26  0.79687500000000000       0.23357933011184531       0.77620580792130145     
          27  0.82812500000000000       0.28872927988608188       0.45701095978439765     
          28  0.85937500000000000       0.36078616177589173       0.16914113853315918     
          29  0.89062500000000000       0.43877996871081176        2.2422453920493690E-002
          30  0.92187500000000000       0.51083685060062167        0.0000000000000000     
          31  0.95312500000000000       0.56598680037485827        0.0000000000000000     
          32  0.98437500000000000       0.59583373811593376        0.0000000000000000     
          33   1.0156250000000000       0.59583373811593376        0.0000000000000000     

 start of step #           3 , time =    8.3893271528681757E-002 , dt =    4.2026452782765643E-002
 i,x(i),a(i),phi(i)
           0  -1.5625000000000000E-002  0.59486343349567894        0.0000000000000000     
           1   1.5625000000000000E-002  0.59486343349567894        0.0000000000000000     
           2   4.6875000000000000E-002  0.56506510096061646        0.0000000000000000     
           3   7.8125000000000000E-002  0.51000496189639777        0.0000000000000000     
           4  0.10937500000000000       0.43806542335414655        0.0000000000000000     
           5  0.14062500000000000       0.36019862794337981        0.0000000000000000     
           6  0.17187500000000000       0.28825908940112860        0.0000000000000000     
           7  0.20312500000000000       0.23319895033690982       0.47112191150474925     
           8  0.23437500000000000       0.20340061780184740       0.91421244585846817     
           9  0.26562500000000000       0.20340061780184740        1.0000000000000000     
          10  0.29687500000000000       0.23319895033690982        1.0000000000000000     
          11  0.32812500000000000       0.28825908940112854       0.62504489781922001     
          12  0.35937500000000000       0.36019862794337970       0.18778914801511074     
          13  0.39062500000000000       0.43806542335414655        0.0000000000000000     
          14  0.42187500000000000       0.51000496189639766        0.0000000000000000     
          15  0.45312500000000000       0.56506510096061646        0.0000000000000000     
          16  0.48437500000000000       0.59486343349567894        0.0000000000000000     
          17  0.51562500000000000       0.59486343349567894        0.0000000000000000     
          18  0.54687500000000000       0.56506510096061657        0.0000000000000000     
          19  0.57812500000000000       0.51000496189639777        0.0000000000000000     
          20  0.60937500000000000       0.43806542335414667        0.0000000000000000     
          21  0.64062500000000000       0.36019862794337998        1.0117594942585182E-002
          22  0.67187500000000000       0.28825908940112865       0.13237505439132635     
          23  0.70312500000000000       0.23319895033690985       0.45605006167818674     
          24  0.73437500000000000       0.20340061780184740       0.80131774860829397     
          25  0.76562500000000000       0.20340061780184734       0.94169211624861549     
          26  0.79687500000000000       0.23319895033690977       0.83445509565574749     
          27  0.82812500000000000       0.28825908940112854       0.58075138299350892     
          28  0.85937500000000000       0.36019862794337981       0.30858869412644518     
          29  0.89062500000000000       0.43806542335414628       0.10885894212232249     
          30  0.92187500000000000       0.51000496189639766        1.5379076424509371E-002
          31  0.95312500000000000       0.56506510096061646        0.0000000000000000     
          32  0.98437500000000000       0.59486343349567894        0.0000000000000000     
          33   1.0156250000000000       0.59486343349567894        0.0000000000000000     

 start of step #           4 , time =   0.12591972431144741      , dt =    4.2141173994610676E-002
 i,x(i),a(i),phi(i)
           0  -1.5625000000000000E-002  0.59324403262228020        0.0000000000000000     
           1   1.5625000000000000E-002  0.59324403262228020        0.0000000000000000     
           2   4.6875000000000000E-002  0.56352682029568235        0.0000000000000000     
           3   7.8125000000000000E-002  0.50861657183201048        0.0000000000000000     
           4  0.10937500000000000       0.43687287479721693        0.0000000000000000     
           5  0.14062500000000000       0.35921805670661583        0.0000000000000000     
           6  0.17187500000000000       0.28747435967182228        0.0000000000000000     
           7  0.20312500000000000       0.23256411120815035       0.32337017010352009     
           8  0.23437500000000000       0.20284689888155250       0.79300830607790218     
           9  0.26562500000000000       0.20284689888155250       0.97653344881589699     
          10  0.29687500000000000       0.23256411120815035        1.0000000000000000     
          11  0.32812500000000000       0.28747435967182222       0.77040157665999320     
          12  0.35937500000000000       0.35921805670661572       0.39960101913888924     
          13  0.39062500000000000       0.43687287479721693       0.11063236096814351     
          14  0.42187500000000000       0.50861657183201037        0.0000000000000000     
          15  0.45312500000000000       0.56352682029568235        0.0000000000000000     
          16  0.48437500000000000       0.59324403262228020        0.0000000000000000     
          17  0.51562500000000000       0.59324403262228020        0.0000000000000000     
          18  0.54687500000000000       0.56352682029568246        0.0000000000000000     
          19  0.57812500000000000       0.50861657183201048        0.0000000000000000     
          20  0.60937500000000000       0.43687287479721704        0.0000000000000000     
          21  0.64062500000000000       0.35921805670661600        5.2165119562058750E-003
          22  0.67187500000000000       0.28747435967182233        8.4980211207110981E-002
          23  0.70312500000000000       0.23256411120815040       0.35454014501576236     
          24  0.73437500000000000       0.20284689888155250       0.70687232550886414     
          25  0.76562500000000000       0.20284689888155244       0.90329374580745447     
          26  0.79687500000000000       0.23256411120815032       0.86808642578146589     
          27  0.82812500000000000       0.28747435967182217       0.67910323596916666     
          28  0.85937500000000000       0.35921805670661583       0.44042752850389488     
          29  0.89062500000000000       0.43687287479721665       0.22652588003302560     
          30  0.92187500000000000       0.50861657183201037        7.9494895496639129E-002
          31  0.95312500000000000       0.56352682029568224        1.1686957218303519E-002
          32  0.98437500000000000       0.59324403262228020        0.0000000000000000     
          33   1.0156250000000000       0.59324403262228020        0.0000000000000000     

 start of step #           5 , time =   0.16806089830605808      , dt =    4.2303239688680543E-002
 i,x(i),a(i),phi(i)
           0  -1.5625000000000000E-002  0.59097128692697920        9.3495657746428158E-003
           1   1.5625000000000000E-002  0.59097128692697920        0.0000000000000000     
           2   4.6875000000000000E-002  0.56136792263369928        0.0000000000000000     
           3   7.8125000000000000E-002  0.50666803790562553        0.0000000000000000     
           4  0.10937500000000000       0.43519919433691751        0.0000000000000000     
           5  0.14062500000000000       0.35784187549423074        0.0000000000000000     
           6  0.17187500000000000       0.28637303192552271        0.0000000000000000     
           7  0.20312500000000000       0.23167314719744894       0.22195585549988878     
           8  0.23437500000000000       0.20206978290416897       0.66454226614782641     
           9  0.26562500000000000       0.20206978290416897       0.92633150287248200     
          10  0.29687500000000000       0.23167314719744894       0.99264049555441369     
          11  0.32812500000000000       0.28637303192552271       0.85940867134860088     
          12  0.35937500000000000       0.35784187549423063       0.57922120695224844     
          13  0.39062500000000000       0.43519919433691751       0.28087268229200169     
          14  0.42187500000000000       0.50666803790562542        7.5880344782330814E-002
          15  0.45312500000000000       0.56136792263369928        0.0000000000000000     
          16  0.48437500000000000       0.59097128692697920        0.0000000000000000     
          17  0.51562500000000000       0.59097128692697920        0.0000000000000000     
          18  0.54687500000000000       0.56136792263369928        0.0000000000000000     
          19  0.57812500000000000       0.50666803790562553        0.0000000000000000     
          20  0.60937500000000000       0.43519919433691762        0.0000000000000000     
          21  0.64062500000000000       0.35784187549423091        2.6895716960068190E-003
          22  0.67187500000000000       0.28637303192552277        5.4058678608320421E-002
          23  0.70312500000000000       0.23167314719744900       0.27000162396710420     
          24  0.73437500000000000       0.20206978290416897       0.61049446242504835     
          25  0.76562500000000000       0.20206978290416891       0.84956411848311530     
          26  0.79687500000000000       0.23167314719744891       0.87912803245880200     
          27  0.82812500000000000       0.28637303192552266       0.75236525765678441     
          28  0.85937500000000000       0.35784187549423074       0.55604487192970276     
          29  0.89062500000000000       0.43519919433691723       0.35254191788951528     
          30  0.92187500000000000       0.50666803790562542       0.18034026933367706     
          31  0.95312500000000000       0.56136792263369917        6.3215960121061079E-002
          32  0.98437500000000000       0.59097128692697920        9.3495657746428158E-003
          33   1.0156250000000000       0.59097128692697920        0.0000000000000000     

