 initial time = 0 i,x(i),T(i)
           0 -0.52343750000000000        1.0000000000000000     
           1 -0.47656250000000000        1.0000000000000000     
           2 -0.42968750000000000        1.0000000000000000     
           3 -0.38281250000000000        1.0000000000000000     
           4 -0.33593750000000000        1.0000000000000000     
           5 -0.28906250000000000        1.0000000000000000     
           6 -0.24218750000000000        1.0000000000000000     
           7 -0.19531250000000000        1.0000000000000000     
           8 -0.14843750000000000        1.0000000000000000     
           9 -0.10156250000000000        1.0000000000000000     
          10  -5.4687500000000000E-002   1.0000000000000000     
          11  -7.8125000000000000E-003   1.0000000000000000     
          12   3.9062500000000000E-002   1.0000000000000000     
          13   8.5937500000000000E-002   1.0000000000000000     
          14  0.13281250000000000        1.0000000000000000     
          15  0.17968750000000000        1.0000000000000000     
          16  0.22656250000000000        1.0000000000000000     
          17  0.27343750000000000        1.0000000000000000     
          18  0.32031250000000000        1.0000000000000000     
          19  0.36718750000000000        1.0000000000000000     
          20  0.41406250000000000        1.0000000000000000     
          21  0.46093750000000000        1.0000000000000000     
          22  0.50781250000000000        1.0000000000000000     
          23  0.55468750000000000        1.0000000000000000     
          24  0.60156250000000000        1.0000000000000000     
          25  0.64843750000000000        1.0000000000000000     
          26  0.69531250000000000        1.0000000000000000     
          27  0.74218750000000000        1.0000000000000000     
          28  0.78906250000000000        1.0000000000000000     
          29  0.83593750000000000        1.0000000000000000     
          30  0.88281250000000000        1.0000000000000000     
          31  0.92968750000000000        1.0000000000000000     
          32  0.97656250000000000        1.0000000000000000     
          33   1.0234375000000000        1.0000000000000000     

 time step: dt =   2.1972656250000000E-002

 for timestep #            1 , inside of the domain: i,x,q(xi,tn),q(xi,tn+1) =
           1 -0.47656250000000000       -4.4067935167520957       -4.4041689690552168     
           2 -0.42968750000000000        13.983802643834984        13.975474330542571     
           3 -0.38281250000000000        16.150361798671849        16.140743150849723     
           4 -0.33593750000000000       -5.8905956568437929       -5.8870874032336244     
           5 -0.28906250000000000       -30.616155439630163       -30.597921419828484     
           6 -0.24218750000000000       -31.663296680458060       -31.644439016248839     
           7 -0.19531250000000000       -4.9101046875866787       -4.9071803835773693     
           8 -0.14843750000000000        27.982247178426626        27.965581831591916     
           9 -0.10156250000000000        40.251932697597788        40.227959911749117     
          10  -5.4687500000000000E-002   23.591793075891253        23.577742545511921     
          11  -7.8125000000000000E-003  -6.6206645652529561       -6.6167215055496849     
          12   3.9062500000000000E-002  -26.718887765391656       -26.702974835711323     
          13   8.5937500000000000E-002  -24.804637313569096       -24.789864451285951     
          14  0.13281250000000000       -7.8357954763568705       -7.8311287228789714     
          15  0.17968750000000000        7.9459703841920017        7.9412380140021979     
          16  0.22656250000000000        12.019448604709265        12.012290198935696     
          17  0.27343750000000000        6.2242951117317977        6.2205881172156969     
          18  0.32031250000000000      -0.69076374048019540      -0.69035234330960571     
          19  0.36718750000000000       -2.8169794527759127       -2.8153017483618457     
          20  0.41406250000000000       -1.1723421019345404       -1.1716438918296443     
          21  0.46093750000000000       0.18991076520405448       0.18979766032189152     
          22  0.50781250000000000       -9.1356784659264445E-002  -9.1302375430000526E-002
          23  0.55468750000000000        5.5810372213028717E-002   5.5777133309663531E-002
          24  0.60156250000000000        1.8773098368219592        1.8761917700938884     
          25  0.64843750000000000        2.7028118959826442        2.7012021861766975     
          26  0.69531250000000000       -1.2314038769426077       -1.2306704915010453     
          27  0.74218750000000000       -8.7397340985276823       -8.7345289876205285     
          28  0.78906250000000000       -12.085291498129353       -12.078093878398148     
          29  0.83593750000000000       -3.7143942648860611       -3.7121820884189431     
          30  0.88281250000000000        14.175619130145842        14.167176576983680     
          31  0.92968750000000000        27.797583953203379        27.781028585980970     
          32  0.97656250000000000        22.278461891297809        22.265193539689200     

 before tridiagnoal solve: i,a,b,c,d=
           1 -0.50000000000000000        2.5000000000000000      -0.50000000000000000        1.9031998750338552     
           2 -0.50000000000000000        2.0000000000000000      -0.50000000000000000        1.3071697909782691     
           3 -0.50000000000000000        2.0000000000000000      -0.50000000000000000        1.3547606744942555     
           4 -0.50000000000000000        2.0000000000000000      -0.50000000000000000       0.87060650934973538     
           5 -0.50000000000000000        2.0000000000000000      -0.50000000000000000       0.32748206575301786     
           6 -0.50000000000000000        2.0000000000000000      -0.50000000000000000       0.30448044278520248     
           7 -0.50000000000000000        2.0000000000000000      -0.50000000000000000       0.89214408491152786     
           8 -0.50000000000000000        2.0000000000000000      -0.50000000000000000        1.6146612073854576     
           9 -0.50000000000000000        2.0000000000000000      -0.50000000000000000        1.8841785076710476     
          10 -0.50000000000000000        2.0000000000000000      -0.50000000000000000        1.5182199958406111     
          11 -0.50000000000000000        2.0000000000000000      -0.50000000000000000       0.85456973310885775     
          12 -0.50000000000000000        2.0000000000000000      -0.50000000000000000       0.41308988841561667     
          13 -0.50000000000000000        2.0000000000000000      -0.50000000000000000       0.45513853041541086     
          14 -0.50000000000000000        2.0000000000000000      -0.50000000000000000       0.82787803003769223     
          15 -0.50000000000000000        2.0000000000000000      -0.50000000000000000        1.1745420844528172     
          16 -0.50000000000000000        2.0000000000000000      -0.50000000000000000        1.2640205679111385     
          17 -0.50000000000000000        2.0000000000000000      -0.50000000000000000        1.1367235706305268     
          18 -0.50000000000000000        2.0000000000000000      -0.50000000000000000       0.98482660552477030     
          19 -0.50000000000000000        2.0000000000000000      -0.50000000000000000       0.93812191063203143     
          20 -0.50000000000000000        2.0000000000000000      -0.50000000000000000       0.97424820075210250     
          21 -0.50000000000000000        2.0000000000000000      -0.50000000000000000        1.0041716013546551     
          22 -0.50000000000000000        2.0000000000000000      -0.50000000000000000       0.99799324653222243     
          23 -0.50000000000000000        2.0000000000000000      -0.50000000000000000        1.0012259369503225     
          24 -0.50000000000000000        2.0000000000000000      -0.50000000000000000        1.0412372002712922     
          25 -0.50000000000000000        2.0000000000000000      -0.50000000000000000        1.0593702718987232     
          26 -0.50000000000000000        2.0000000000000000      -0.50000000000000000       0.97295084312012592     
          27 -0.50000000000000000        2.0000000000000000      -0.50000000000000000       0.80802201199300061     
          28 -0.50000000000000000        2.0000000000000000      -0.50000000000000000       0.73453311964264223     
          29 -0.50000000000000000        2.0000000000000000      -0.50000000000000000       0.91840919533722531     
          30 -0.50000000000000000        2.0000000000000000      -0.50000000000000000        1.3113832536183663     
          31 -0.50000000000000000        2.0000000000000000      -0.50000000000000000        1.6106048740877186     
          32 -0.50000000000000000        2.5000000000000000      -0.50000000000000000        2.4893712144517615     

 after timestep #            1 , time =    2.1972656250000000E-002
 i,T =
           0  0.99826400555681394     
           1   1.0017359944431861     
           2   1.2022802221482194     
           3   1.1930453121931535     
           4  0.86037967763588308     
           5  0.50726037965090831     
           6  0.51369770946171400     
           7  0.93856957262554297     
           8   1.4562924112174020     
           9   1.6572776574731496     
          10   1.4044612033331019     
          11  0.92412716417803642     
          12  0.58290798716132830     
          13  0.58132500763604333     
          14  0.83211498255202321     
          15   1.0913788624966652     
          16   1.1843162985290032     
          17   1.1178451957970699     
          18   1.0136173433982225     
          19  0.96697096674627991     
          20  0.97802270232283428     
          21  0.99662344104085199     
          22   1.0001278591312630     
          23   1.0079015024197548     
          24   1.0290262766471112     
          25   1.0257292036261059     
          26  0.95514999405986545     
          27  0.84896908637310409     
          28  0.82468232744654968     
          29  0.98069398412780995     
          30   1.2612752183902396     
          31   1.4416403821964161     
          32   1.2840765622199877     
          33  0.71592343778001233     

 time step: dt =   2.1972656250000000E-002

 for timestep #            2 , inside of the domain: i,x,q(xi,tn),q(xi,tn+1) =
           1 -0.47656250000000000       -4.4041689690552168       -4.3962984521607993     
           2 -0.42968750000000000        13.975474330542571        13.950499310828549     
           3 -0.38281250000000000        16.140743150849723        16.111898664511937     
           4 -0.33593750000000000       -5.8870874032336244       -5.8765668212142641     
           5 -0.28906250000000000       -30.597921419828484       -30.543241079641515     
           6 -0.24218750000000000       -31.644439016248839       -31.587888485685252     
           7 -0.19531250000000000       -4.9071803835773693       -4.8984109547965318     
           8 -0.14843750000000000        27.965581831591916        27.915605641801225     
           9 -0.10156250000000000        40.227959911749117        40.156070109078513     
          10  -5.4687500000000000E-002   23.577742545511921        23.535607690482394     
          11  -7.8125000000000000E-003  -6.6167215055496849       -6.6048970231647006     
          12   3.9062500000000000E-002  -26.702974835711323       -26.655255001151758     
          13   8.5937500000000000E-002  -24.789864451285951       -24.745563460941334     
          14  0.13281250000000000       -7.8311287228789714       -7.8171340211886315     
          15  0.17968750000000000        7.9412380140021979        7.9270465403346462     
          16  0.22656250000000000        12.012290198935696        11.990823508257918     
          17  0.27343750000000000        6.2205881172156969        6.2094715492062127     
          18  0.32031250000000000      -0.69035234330960571      -0.68911864182828297     
          19  0.36718750000000000       -2.8153017483618457       -2.8102706334956693     
          20  0.41406250000000000       -1.1716438918296443       -1.1695500931789389     
          21  0.46093750000000000       0.18979766032189152       0.18945848039882765     
          22  0.50781250000000000       -9.1302375430000526E-002  -9.1139212551062110E-002
          23  0.55468750000000000        5.5777133309663531E-002   5.5677456191660021E-002
          24  0.60156250000000000        1.8761917700938884        1.8728389016804725     
          25  0.64843750000000000        2.7012021861766975        2.6963749741439806     
          26  0.69531250000000000       -1.2306704915010453       -1.2284712087389904     
          27  0.74218750000000000       -8.7345289876205285       -8.7189198548999460     
          28  0.78906250000000000       -12.078093878398148       -12.056509592556660     
          29  0.83593750000000000       -3.7121820884189431       -3.7055481940231241     
          30  0.88281250000000000        14.167176576983680        14.141858973735756     
          31  0.92968750000000000        27.781028585980970        27.731382204026378     
          32  0.97656250000000000        22.265193539689200        22.225404289289663     

 before tridiagnoal solve: i,a,b,c,d=
           1 -0.50000000000000000        2.5000000000000000      -0.50000000000000000        2.0035872911096648     
           2 -0.50000000000000000        2.0000000000000000      -0.50000000000000000        1.4041945629523740     
           3 -0.50000000000000000        2.0000000000000000      -0.50000000000000000        1.3856680557737100     
           4 -0.50000000000000000        2.0000000000000000      -0.50000000000000000       0.72091348066320404     
           5 -0.50000000000000000        2.0000000000000000      -0.50000000000000000        1.5321820385675977E-002
           6 -0.50000000000000000        2.0000000000000000      -0.50000000000000000        2.8223878094516097E-002
           7 -0.50000000000000000        2.0000000000000000      -0.50000000000000000       0.87726761643652451     
           8 -0.50000000000000000        2.0000000000000000      -0.50000000000000000        1.9118526766466830     
           9 -0.50000000000000000        2.0000000000000000      -0.50000000000000000        2.3135021370939146     
          10 -0.50000000000000000        2.0000000000000000      -0.50000000000000000        1.8083051355862729     
          11 -0.50000000000000000        2.0000000000000000      -0.50000000000000000       0.84842755574717910     
          12 -0.50000000000000000        2.0000000000000000      -0.50000000000000000       0.16651506475009692     
          13 -0.50000000000000000        2.0000000000000000      -0.50000000000000000       0.16329902000066310     
          14 -0.50000000000000000        2.0000000000000000      -0.50000000000000000       0.66443498597381456     
          15 -0.50000000000000000        2.0000000000000000      -0.50000000000000000        1.1825498214353272     
          16 -0.50000000000000000        2.0000000000000000      -0.50000000000000000        1.3683181123557817     
          17 -0.50000000000000000        2.0000000000000000      -0.50000000000000000        1.2355275350722521     
          18 -0.50000000000000000        2.0000000000000000      -0.50000000000000000        1.0272527603900330     
          19 -0.50000000000000000        2.0000000000000000      -0.50000000000000000       0.93401563878250393     
          20 -0.50000000000000000        2.0000000000000000      -0.50000000000000000       0.95607607856998533     
          21 -0.50000000000000000        2.0000000000000000      -0.50000000000000000       0.99324191313242760     
          22 -0.50000000000000000        2.0000000000000000      -0.50000000000000000        1.0002581085810975     
          23 -0.50000000000000000        2.0000000000000000      -0.50000000000000000        1.0158015445804860     
          24 -0.50000000000000000        2.0000000000000000      -0.50000000000000000        1.0580034341337325     
          25 -0.50000000000000000        2.0000000000000000      -0.50000000000000000        1.0513876891167770     
          26 -0.50000000000000000        2.0000000000000000      -0.50000000000000000       0.91033220737489751     
          27 -0.50000000000000000        2.0000000000000000      -0.50000000000000000       0.69816684485637626     
          28 -0.50000000000000000        2.0000000000000000      -0.50000000000000000       0.64968086235178357     
          29 -0.50000000000000000        2.0000000000000000      -0.50000000000000000       0.96148515409273716     
          30 -0.50000000000000000        2.0000000000000000      -0.50000000000000000        1.5221795366246069     
          31 -0.50000000000000000        2.0000000000000000      -0.50000000000000000        1.8825534502539250     
          32 -0.50000000000000000        2.5000000000000000      -0.50000000000000000        2.5675702162147886     

 after timestep #            2 , time =    4.3945312500000000E-002
 i,T =
           0  0.94595223964918240     
           1   1.0540477603508176     
           2   1.2630642195347579     
           3   1.1898199918834658     
           4  0.72487963645168485     
           5  0.26787159259686544     
           6  0.31596309316442495     
           7  0.93953302387180215     
           8   1.6876337694497343     
           9   1.9872967006337692     
          10   1.6345487588975132     
          11  0.93428806378373808     
          12  0.40574838474308039     
          13  0.35567534568838971     
          14  0.69035495800915236     
          15   1.0768745144005902     
          16   1.2520434567225540     
          17   1.1946630877780624     
          18   1.0555538242451916     
          19  0.97304668842263764     
          20  0.96860165188035108     
          21  0.98920776195879578     
          22   1.0017455696899773     
          23   1.0172582996389188     
          24   1.0356845397047250     
          25   1.0094729909125157     
          26  0.89943204571178370     
          27  0.76759077718482382     
          28  0.77459737331475853     
          29   1.0314369913706432     
          30   1.4281802839823396     
          31   1.6369250713095014     
          32   1.3544131007478155     
          33  0.64558689925218449     

