 start of step #           1 , time =    0.0000000000000000      , dt =    4.1935258075043377E-002
 i,x(i),a(i),phi(i)
          -2  -7.8125000000000000E-002  0.51111404660392035        0.0000000000000000     
          -1  -4.6875000000000000E-002  0.56629392246050902        0.0000000000000000     
           0  -1.5625000000000000E-002  0.59615705608064606        0.0000000000000000     
           1   1.5625000000000000E-002  0.59615705608064606        0.0000000000000000     
           2   4.6875000000000000E-002  0.56629392246050914        0.0000000000000000     
           3   7.8125000000000000E-002  0.51111404660392046        0.0000000000000000     
           4  0.10937500000000000       0.43901806440322572        0.0000000000000000     
           5  0.14062500000000000       0.36098193559677438        0.0000000000000000     
           6  0.17187500000000000       0.28888595339607964        0.0000000000000000     
           7  0.20312500000000000       0.23370607753949094        1.0000000000000000     
           8  0.23437500000000000       0.20384294391935392        1.0000000000000000     
           9  0.26562500000000000       0.20384294391935392        1.0000000000000000     
          10  0.29687500000000000       0.23370607753949094        1.0000000000000000     
          11  0.32812500000000000       0.28888595339607959        0.0000000000000000     
          12  0.35937500000000000       0.36098193559677427        0.0000000000000000     
          13  0.39062500000000000       0.43901806440322572        0.0000000000000000     
          14  0.42187500000000000       0.51111404660392035        0.0000000000000000     
          15  0.45312500000000000       0.56629392246050914        0.0000000000000000     
          16  0.48437500000000000       0.59615705608064606        0.0000000000000000     
          17  0.51562500000000000       0.59615705608064606        0.0000000000000000     
          18  0.54687500000000000       0.56629392246050914        0.0000000000000000     
          19  0.57812500000000000       0.51111404660392046        0.0000000000000000     
          20  0.60937500000000000       0.43901806440322577        0.0000000000000000     
          21  0.64062500000000000       0.36098193559677455        3.8060233744356631E-002
          22  0.67187500000000000       0.28888595339607964       0.30865828381745508     
          23  0.70312500000000000       0.23370607753949099       0.69134171618254481     
          24  0.73437500000000000       0.20384294391935392       0.96193976625564337     
          25  0.76562500000000000       0.20384294391935387       0.96193976625564337     
          26  0.79687500000000000       0.23370607753949091       0.69134171618254514     
          27  0.82812500000000000       0.28888595339607953       0.30865828381745497     
          28  0.85937500000000000       0.36098193559677444        3.8060233744356742E-002
          29  0.89062500000000000       0.43901806440322544        0.0000000000000000     
          30  0.92187500000000000       0.51111404660392035        0.0000000000000000     
          31  0.95312500000000000       0.56629392246050902        0.0000000000000000     
          32  0.98437500000000000       0.59615705608064606        0.0000000000000000     
          33   1.0156250000000000       0.59615705608064606        0.0000000000000000     
          34   1.0468750000000000       0.56629392246050914        0.0000000000000000     
          35   1.0781250000000000       0.51111404660392046        0.0000000000000000     

 RK step            1
i,grad,phi^(1)
           1   0.0000000000000000        0.0000000000000000     
           2   0.0000000000000000        0.0000000000000000     
           3   0.0000000000000000        0.0000000000000000     
           4   0.0000000000000000        0.0000000000000000     
           5   0.0000000000000000        0.0000000000000000     
           6   0.0000000000000000        0.0000000000000000     
           7  0.83333333333333337       0.73865267532467604     
           8   0.0000000000000000        1.0000000000000000     
           9   0.0000000000000000        1.0000000000000000     
          10   0.0000000000000000        1.0000000000000000     
          11 -0.83333333333333337       0.32305352026452139     
          12   0.0000000000000000        0.0000000000000000     
          13   0.0000000000000000        0.0000000000000000     
          14   0.0000000000000000        0.0000000000000000     
          15   0.0000000000000000        0.0000000000000000     
          16   0.0000000000000000        0.0000000000000000     
          17   0.0000000000000000        0.0000000000000000     
          18   0.0000000000000000        0.0000000000000000     
          19   0.0000000000000000        0.0000000000000000     
          20   0.0000000000000000        0.0000000000000000     
          21   6.9777095197987152E-002   4.2593812636540634E-003
          22  0.34671614689188585       0.17424883767428553     
          23  0.35305951918261202       0.58061632323510648     
          24  0.16171780300006719       0.91770305686979392     
          25 -0.13529902503654917       0.99894981425096585     
          26 -0.35305951918261191       0.80206710912998336     
          27 -0.36400253531642485       0.44976904432047310     
          28 -0.17440454758151908       0.12254386505689452     
          29  -1.2686744581452247E-002   7.4741513068312289E-003
          30   0.0000000000000000        0.0000000000000000     
          31   0.0000000000000000        0.0000000000000000     
          32   0.0000000000000000        0.0000000000000000     

 End of RK step            1
 i, phi
          -2   0.0000000000000000     
          -1   0.0000000000000000     
           0   0.0000000000000000     
           1   0.0000000000000000     
           2   0.0000000000000000     
           3   0.0000000000000000     
           4   0.0000000000000000     
           5   0.0000000000000000     
           6   0.0000000000000000     
           7  0.73865267532467604     
           8   1.0000000000000000     
           9   1.0000000000000000     
          10   1.0000000000000000     
          11  0.32305352026452139     
          12   0.0000000000000000     
          13   0.0000000000000000     
          14   0.0000000000000000     
          15   0.0000000000000000     
          16   0.0000000000000000     
          17   0.0000000000000000     
          18   0.0000000000000000     
          19   0.0000000000000000     
          20   0.0000000000000000     
          21   4.2593812636540634E-003
          22  0.17424883767428553     
          23  0.58061632323510648     
          24  0.91770305686979392     
          25  0.99894981425096585     
          26  0.80206710912998336     
          27  0.44976904432047310     
          28  0.12254386505689452     
          29   7.4741513068312289E-003
          30   0.0000000000000000     
          31   0.0000000000000000     
          32   0.0000000000000000     
          33   0.0000000000000000     
          34   0.0000000000000000     
          35   0.0000000000000000     

 RK step            2
i,grad,phi^(2)
           1   0.0000000000000000        0.0000000000000000     
           2   0.0000000000000000        0.0000000000000000     
           3   0.0000000000000000        0.0000000000000000     
           4   0.0000000000000000        0.0000000000000000     
           5   0.0000000000000000        0.0000000000000000     
           6   0.0000000000000000        0.0000000000000000     
           7  0.46400699567099535       0.89828307274639430     
           8   9.4680658008657298E-002  0.99352520150056045     
           9  -4.3557887445887324E-002   1.0029787345188033     
          10   8.7115774891774647E-002  0.99316975758850512     
          11 -0.49486009346559401       0.12872326863587741     
          12 -0.15638685359785476        1.8938911663575524E-002
          13   0.0000000000000000        0.0000000000000000     
          14   0.0000000000000000        0.0000000000000000     
          15   0.0000000000000000        0.0000000000000000     
          16   0.0000000000000000        0.0000000000000000     
          17   0.0000000000000000        0.0000000000000000     
          18   0.0000000000000000        0.0000000000000000     
          19   0.0000000000000000        0.0000000000000000     
          20   0.0000000000000000        0.0000000000000000     
          21   7.8088656500324496E-003   2.8664343840383077E-002
          22  0.27640381198519082       0.24826795493875806     
          23  0.40282031365231785       0.63207756455631270     
          24  0.24025994956249341       0.93445025568567919     
          25  -5.4103059495132118E-002  0.97489215123594553     
          26 -0.29504273543418413       0.74215565329058875     
          27 -0.36984299624228767       0.37977969850758425     
          28 -0.25452598807912624        9.0004993407956313E-002
          29  -4.4585030672380455E-002   8.4351409281895259E-003
          30  -2.4913837689437427E-003   4.2719656734748238E-004
          31   0.0000000000000000        0.0000000000000000     
          32   0.0000000000000000        0.0000000000000000     

 End of RK step            2
 i, phi
          -2   4.2719656734748238E-004
          -1   0.0000000000000000     
           0   0.0000000000000000     
           1   0.0000000000000000     
           2   0.0000000000000000     
           3   0.0000000000000000     
           4   0.0000000000000000     
           5   0.0000000000000000     
           6   0.0000000000000000     
           7  0.89828307274639430     
           8  0.99352520150056045     
           9   1.0029787345188033     
          10  0.99316975758850512     
          11  0.12872326863587741     
          12   1.8938911663575524E-002
          13   0.0000000000000000     
          14   0.0000000000000000     
          15   0.0000000000000000     
          16   0.0000000000000000     
          17   0.0000000000000000     
          18   0.0000000000000000     
          19   0.0000000000000000     
          20   0.0000000000000000     
          21   2.8664343840383077E-002
          22  0.24826795493875806     
          23  0.63207756455631270     
          24  0.93445025568567919     
          25  0.97489215123594553     
          26  0.74215565329058875     
          27  0.37977969850758425     
          28   9.0004993407956313E-002
          29   8.4351409281895259E-003
          30   4.2719656734748238E-004
          31   0.0000000000000000     
          32   0.0000000000000000     
          33   0.0000000000000000     
          34   0.0000000000000000     
          35   0.0000000000000000     

 RK step            3
i,grad,phi^(3)
           1   0.0000000000000000        0.0000000000000000     
           2   0.0000000000000000        0.0000000000000000     
           3   0.0000000000000000        0.0000000000000000     
           4   0.0000000000000000        0.0000000000000000     
           5   0.0000000000000000        0.0000000000000000     
           6   0.0000000000000000        0.0000000000000000     
           7  0.37722054270756272       0.85332025144490653     
           8   4.1260149921640753E-002  0.98815919502486071     
           9  -1.1265402920591396E-002   1.0040402014663103     
          10   2.7351300245588468E-003  0.99487464992735741     
          11 -0.37647930851719819       0.18311388516250521     
          12  -5.2377212043746901E-002   2.9540702919429594E-002
          13  -6.3129705545251743E-003   2.4794433705803238E-003
          14   0.0000000000000000        0.0000000000000000     
          15   0.0000000000000000        0.0000000000000000     
          16   0.0000000000000000        0.0000000000000000     
          17   0.0000000000000000        0.0000000000000000     
          18   0.0000000000000000        0.0000000000000000     
          19   0.0000000000000000        0.0000000000000000     
          20   0.0000000000000000        0.0000000000000000     
          21   5.2551297040702306E-002   1.4825326106528779E-002
          22  0.30616215514776679       0.18927265497118353     
          23  0.37317346322194589       0.57380997276275192     
          24  0.20148960618830175       0.90686943113969520     
          25  -9.4272701544791379E-002  0.98776642325798047     
          26 -0.32147938247384322       0.79243189549282556     
          27 -0.34867593043073031       0.44618534968326495     
          28 -0.20827287927911148       0.13994997543364776     
          29  -3.3792038366066049E-002   1.8895379812638901E-002
          30  -3.0253119264035829E-003   1.6681284117971646E-003
          31  -1.4239885578249412E-004   7.2141711224095757E-005
          32   0.0000000000000000        0.0000000000000000     

 End of RK step            3
 i, phi
          -2   1.6681284117971646E-003
          -1   7.2141711224095757E-005
           0   0.0000000000000000     
           1   0.0000000000000000     
           2   0.0000000000000000     
           3   0.0000000000000000     
           4   0.0000000000000000     
           5   0.0000000000000000     
           6   0.0000000000000000     
           7  0.85332025144490653     
           8  0.98815919502486071     
           9   1.0040402014663103     
          10  0.99487464992735741     
          11  0.18311388516250521     
          12   2.9540702919429594E-002
          13   2.4794433705803238E-003
          14   0.0000000000000000     
          15   0.0000000000000000     
          16   0.0000000000000000     
          17   0.0000000000000000     
          18   0.0000000000000000     
          19   0.0000000000000000     
          20   0.0000000000000000     
          21   1.4825326106528779E-002
          22  0.18927265497118353     
          23  0.57380997276275192     
          24  0.90686943113969520     
          25  0.98776642325798047     
          26  0.79243189549282556     
          27  0.44618534968326495     
          28  0.13994997543364776     
          29   1.8895379812638901E-002
          30   1.6681284117971646E-003
          31   7.2141711224095757E-005
          32   0.0000000000000000     
          33   0.0000000000000000     
          34   0.0000000000000000     
          35   0.0000000000000000     

 start of step #           2 , time =    4.1935258075043377E-002 , dt =    4.1958013453638386E-002
 i,x(i),a(i),phi(i)
          -2  -7.8125000000000000E-002  0.51083685060062167        1.6681284117971646E-003
          -1  -4.6875000000000000E-002  0.56598680037485827        7.2141711224095757E-005
           0  -1.5625000000000000E-002  0.59583373811593376        0.0000000000000000     
           1   1.5625000000000000E-002  0.59583373811593376        0.0000000000000000     
           2   4.6875000000000000E-002  0.56598680037485827        0.0000000000000000     
           3   7.8125000000000000E-002  0.51083685060062178        0.0000000000000000     
           4  0.10937500000000000       0.43877996871081204        0.0000000000000000     
           5  0.14062500000000000       0.36078616177589168        0.0000000000000000     
           6  0.17187500000000000       0.28872927988608199        0.0000000000000000     
           7  0.20312500000000000       0.23357933011184537       0.85332025144490653     
           8  0.23437500000000000       0.20373239237076993       0.98815919502486071     
           9  0.26562500000000000       0.20373239237076993        1.0040402014663103     
          10  0.29687500000000000       0.23357933011184537       0.99487464992735741     
          11  0.32812500000000000       0.28872927988608194       0.18311388516250521     
          12  0.35937500000000000       0.36078616177589162        2.9540702919429594E-002
          13  0.39062500000000000       0.43877996871081204        2.4794433705803238E-003
          14  0.42187500000000000       0.51083685060062167        0.0000000000000000     
          15  0.45312500000000000       0.56598680037485827        0.0000000000000000     
          16  0.48437500000000000       0.59583373811593376        0.0000000000000000     
          17  0.51562500000000000       0.59583373811593376        0.0000000000000000     
          18  0.54687500000000000       0.56598680037485838        0.0000000000000000     
          19  0.57812500000000000       0.51083685060062178        0.0000000000000000     
          20  0.60937500000000000       0.43877996871081210        0.0000000000000000     
          21  0.64062500000000000       0.36078616177589184        1.4825326106528779E-002
          22  0.67187500000000000       0.28872927988608205       0.18927265497118353     
          23  0.70312500000000000       0.23357933011184540       0.57380997276275192     
          24  0.73437500000000000       0.20373239237076993       0.90686943113969520     
          25  0.76562500000000000       0.20373239237076990       0.98776642325798047     
          26  0.79687500000000000       0.23357933011184531       0.79243189549282556     
          27  0.82812500000000000       0.28872927988608188       0.44618534968326495     
          28  0.85937500000000000       0.36078616177589173       0.13994997543364776     
          29  0.89062500000000000       0.43877996871081176        1.8895379812638901E-002
          30  0.92187500000000000       0.51083685060062167        1.6681284117971646E-003
          31  0.95312500000000000       0.56598680037485827        7.2141711224095757E-005
          32  0.98437500000000000       0.59583373811593376        0.0000000000000000     
          33   1.0156250000000000       0.59583373811593376        0.0000000000000000     
          34   1.0468750000000000       0.56598680037485827        0.0000000000000000     
          35   1.0781250000000000       0.51083685060062178        0.0000000000000000     

 RK step            1
i,grad,phi^(1)
           1   0.0000000000000000        0.0000000000000000     
           2   0.0000000000000000        0.0000000000000000     
           3   0.0000000000000000        0.0000000000000000     
           4   0.0000000000000000        0.0000000000000000     
           5   0.0000000000000000        0.0000000000000000     
           6   0.0000000000000000        0.0000000000000000     
           7  0.39415903572468902       0.72970536006500297     
           8   5.9708078484351571E-002  0.97182649159394252     
           9  -1.2294169075101981E-002   1.0074031805225838     
          10   9.6149625235464539E-003  0.99185923624849859     
          11 -0.39405436353270551       0.33587466434030833     
          12  -7.3328869809969541E-002   6.5062077146755146E-002
          13  -1.1086622658433359E-002   9.0109136542982238E-003
          14  -8.2648112352677453E-004   5.6686553609172402E-004
          15   0.0000000000000000        0.0000000000000000     
          16   0.0000000000000000        0.0000000000000000     
          17   0.0000000000000000        0.0000000000000000     
          18   0.0000000000000000        0.0000000000000000     
          19   0.0000000000000000        0.0000000000000000     
          20   0.0000000000000000        0.0000000000000000     
          21   2.7179764528636092E-002   1.6591258127802034E-003
          22  0.27108099229998028        8.4184252364013612E-002
          23  0.39224582255826129       0.45079509715394378     
          24  0.24042565972161978       0.84110276945680063     
          25  -5.3207258885971109E-002   1.0023208755501340     
          26 -0.29167712042719685       0.88390673760400573     
          27 -0.35043589454103308       0.58203680891349763     
          28 -0.23783991944675725       0.25516245323071607     
          29  -5.5582017776185100E-002   5.1640455441065908E-002
          30  -7.0603824322207865E-003   6.5106920935601503E-003
          31  -5.9211365954443601E-004   5.2210416777582081E-004
          32  -2.4047237074698586E-005   1.9237789659758869E-005

 End of RK step            1
 i, phi
          -2   6.5106920935601503E-003
          -1   5.2210416777582081E-004
           0   1.9237789659758869E-005
           1   0.0000000000000000     
           2   0.0000000000000000     
           3   0.0000000000000000     
           4   0.0000000000000000     
           5   0.0000000000000000     
           6   0.0000000000000000     
           7  0.72970536006500297     
           8  0.97182649159394252     
           9   1.0074031805225838     
          10  0.99185923624849859     
          11  0.33587466434030833     
          12   6.5062077146755146E-002
          13   9.0109136542982238E-003
          14   5.6686553609172402E-004
          15   0.0000000000000000     
          16   0.0000000000000000     
          17   0.0000000000000000     
          18   0.0000000000000000     
          19   0.0000000000000000     
          20   0.0000000000000000     
          21   1.6591258127802034E-003
          22   8.4184252364013612E-002
          23  0.45079509715394378     
          24  0.84110276945680063     
          25   1.0023208755501340     
          26  0.88390673760400573     
          27  0.58203680891349763     
          28  0.25516245323071607     
          29   5.1640455441065908E-002
          30   6.5106920935601503E-003
          31   5.2210416777582081E-004
          32   1.9237789659758869E-005
          33   0.0000000000000000     
          34   0.0000000000000000     
          35   0.0000000000000000     

 RK step            2
i,grad,phi^(2)
           1  -6.4125965532529561E-006   1.2825193106505911E-006
           2   0.0000000000000000        0.0000000000000000     
           3   0.0000000000000000        0.0000000000000000     
           4   0.0000000000000000        0.0000000000000000     
           5   0.0000000000000000        0.0000000000000000     
           6   0.0000000000000000        0.0000000000000000     
           7  0.43907328147434371       0.78799134036501006     
           8  0.11294494199586180       0.97635220570475301     
           9  -1.5887595905650583E-002   1.0059674298300196     
          10   1.0703675590408739E-002  0.99328158341371897     
          11 -0.43499681938194829       0.26346225609851859     
          12 -0.13557282395519740        5.4839317435733621E-002
          13  -2.5625950339975768E-002   7.8865697553574879E-003
          14  -3.2870706528119365E-003   7.0534905957224967E-004
          15  -1.8895517869724134E-004   3.5897979642200882E-005
          16   0.0000000000000000        0.0000000000000000     
          17   0.0000000000000000        0.0000000000000000     
          18   0.0000000000000000        0.0000000000000000     
          19   0.0000000000000000        0.0000000000000000     
          20   0.0000000000000000        0.0000000000000000     
          21   3.0417306567637062E-003   1.1165413431712283E-002
          22  0.14936041856235102       0.14852513161796610     
          23  0.42059032416680187       0.51008020705895363     
          24  0.31789395481850352       0.86868838045348740     
          25   2.9825763711925621E-002  0.98936538204271696     
          26 -0.22617144220083185       0.83303339642176477     
          27 -0.33909827300087897       0.51301228173338920     
          28 -0.28992430755045001       0.20386378816369963     
          29 -0.13016585999341349        4.6252826288751631E-002
          30  -1.9949933324302851E-002   6.2995763316214624E-003
          31  -2.4120449920815349E-003   6.4287614074087307E-004
          32  -1.8365361742181968E-004   4.1540170899303646E-005

 End of RK step            2
 i, phi
          -2   6.2995763316214624E-003
          -1   6.4287614074087307E-004
           0   4.1540170899303646E-005
           1   1.2825193106505911E-006
           2   0.0000000000000000     
           3   0.0000000000000000     
           4   0.0000000000000000     
           5   0.0000000000000000     
           6   0.0000000000000000     
           7  0.78799134036501006     
           8  0.97635220570475301     
           9   1.0059674298300196     
          10  0.99328158341371897     
          11  0.26346225609851859     
          12   5.4839317435733621E-002
          13   7.8865697553574879E-003
          14   7.0534905957224967E-004
          15   3.5897979642200882E-005
          16   0.0000000000000000     
          17   0.0000000000000000     
          18   0.0000000000000000     
          19   0.0000000000000000     
          20   0.0000000000000000     
          21   1.1165413431712283E-002
          22  0.14852513161796610     
          23  0.51008020705895363     
          24  0.86868838045348740     
          25  0.98936538204271696     
          26  0.83303339642176477     
          27  0.51301228173338920     
          28  0.20386378816369963     
          29   4.6252826288751631E-002
          30   6.2995763316214624E-003
          31   6.4287614074087307E-004
          32   4.1540170899303646E-005
          33   1.2825193106505911E-006
          34   0.0000000000000000     
          35   0.0000000000000000     

 RK step            3
i,grad,phi^(3)
           1  -1.4487983288426510E-005   8.5819372942612003E-006
           2  -4.2750643688353036E-007   2.1658211891253989E-007
           3   0.0000000000000000        0.0000000000000000     
           4   0.0000000000000000        0.0000000000000000     
           5   0.0000000000000000        0.0000000000000000     
           6   0.0000000000000000        0.0000000000000000     
           7  0.41469529721724474       0.72306403887177673     
           8   8.9580616287019937E-002  0.96395179195089886     
           9  -1.0942739591001850E-002   1.0073205573837118     
          10   4.9784752038853769E-003  0.99277171664453345     
          11 -0.40930010004399159       0.34246013631757993     
          12 -0.10747139917194423        8.1113392854150188E-002
          13  -2.1523691293291399E-002   1.4537706507490724E-002
          14  -2.9456331352630863E-003   1.8171300996941261E-003
          15  -2.5306534301185033E-004   1.5213924480859083E-004
          16  -1.1965993214066960E-005   6.3818630475023779E-006
          17   0.0000000000000000        0.0000000000000000     
          18   0.0000000000000000        0.0000000000000000     
          19   0.0000000000000000        0.0000000000000000     
          20   0.0000000000000000        0.0000000000000000     
          21   2.0469924624805850E-002   5.7748014802329797E-003
          22  0.23312388806358864       0.10185844524501628     
          23  0.39793866763462526       0.44812329735661527     
          24  0.28142063593757771       0.83009504112257171     
          25  -1.1314522781715047E-002  0.99089573181814872     
          26 -0.25706319317845694       0.87324578502653372     
          27 -0.33802895589170850       0.57809779303840669     
          28 -0.25682387948499474       0.26549820604848190     
          29  -9.3135469286551822E-002   7.3712989832088072E-002
          30  -1.7931444149803619E-002   1.2954953630099578E-002
          31  -2.3799704298967292E-003   1.6583653133276986E-003
          32  -2.3377961305262558E-004   1.5237590756093605E-004

 End of RK step            3
 i, phi
          -2   1.2954953630099578E-002
          -1   1.6583653133276986E-003
           0   1.5237590756093605E-004
           1   8.5819372942612003E-006
           2   2.1658211891253989E-007
           3   0.0000000000000000     
           4   0.0000000000000000     
           5   0.0000000000000000     
           6   0.0000000000000000     
           7  0.72306403887177673     
           8  0.96395179195089886     
           9   1.0073205573837118     
          10  0.99277171664453345     
          11  0.34246013631757993     
          12   8.1113392854150188E-002
          13   1.4537706507490724E-002
          14   1.8171300996941261E-003
          15   1.5213924480859083E-004
          16   6.3818630475023779E-006
          17   0.0000000000000000     
          18   0.0000000000000000     
          19   0.0000000000000000     
          20   0.0000000000000000     
          21   5.7748014802329797E-003
          22  0.10185844524501628     
          23  0.44812329735661527     
          24  0.83009504112257171     
          25  0.99089573181814872     
          26  0.87324578502653372     
          27  0.57809779303840669     
          28  0.26549820604848190     
          29   7.3712989832088072E-002
          30   1.2954953630099578E-002
          31   1.6583653133276986E-003
          32   1.5237590756093605E-004
          33   8.5819372942612003E-006
          34   2.1658211891253989E-007
          35   0.0000000000000000     

 start of step #           3 , time =    8.3893271528681757E-002 , dt =    4.2026452782765643E-002
 i,x(i),a(i),phi(i)
          -2  -7.8125000000000000E-002  0.51000496189639766        1.2954953630099578E-002
          -1  -4.6875000000000000E-002  0.56506510096061646        1.6583653133276986E-003
           0  -1.5625000000000000E-002  0.59486343349567894        1.5237590756093605E-004
           1   1.5625000000000000E-002  0.59486343349567894        8.5819372942612003E-006
           2   4.6875000000000000E-002  0.56506510096061646        2.1658211891253989E-007
           3   7.8125000000000000E-002  0.51000496189639777        0.0000000000000000     
           4  0.10937500000000000       0.43806542335414655        0.0000000000000000     
           5  0.14062500000000000       0.36019862794337981        0.0000000000000000     
           6  0.17187500000000000       0.28825908940112860        0.0000000000000000     
           7  0.20312500000000000       0.23319895033690982       0.72306403887177673     
           8  0.23437500000000000       0.20340061780184740       0.96395179195089886     
           9  0.26562500000000000       0.20340061780184740        1.0073205573837118     
          10  0.29687500000000000       0.23319895033690982       0.99277171664453345     
          11  0.32812500000000000       0.28825908940112854       0.34246013631757993     
          12  0.35937500000000000       0.36019862794337970        8.1113392854150188E-002
          13  0.39062500000000000       0.43806542335414655        1.4537706507490724E-002
          14  0.42187500000000000       0.51000496189639766        1.8171300996941261E-003
          15  0.45312500000000000       0.56506510096061646        1.5213924480859083E-004
          16  0.48437500000000000       0.59486343349567894        6.3818630475023779E-006
          17  0.51562500000000000       0.59486343349567894        0.0000000000000000     
          18  0.54687500000000000       0.56506510096061657        0.0000000000000000     
          19  0.57812500000000000       0.51000496189639777        0.0000000000000000     
          20  0.60937500000000000       0.43806542335414667        0.0000000000000000     
          21  0.64062500000000000       0.36019862794337998        5.7748014802329797E-003
          22  0.67187500000000000       0.28825908940112865       0.10185844524501628     
          23  0.70312500000000000       0.23319895033690985       0.44812329735661527     
          24  0.73437500000000000       0.20340061780184740       0.83009504112257171     
          25  0.76562500000000000       0.20340061780184734       0.99089573181814872     
          26  0.79687500000000000       0.23319895033690977       0.87324578502653372     
          27  0.82812500000000000       0.28825908940112854       0.57809779303840669     
          28  0.85937500000000000       0.36019862794337981       0.26549820604848190     
          29  0.89062500000000000       0.43806542335414628        7.3712989832088072E-002
          30  0.92187500000000000       0.51000496189639766        1.2954953630099578E-002
          31  0.95312500000000000       0.56506510096061646        1.6583653133276986E-003
          32  0.98437500000000000       0.59486343349567894        1.5237590756093605E-004
          33   1.0156250000000000       0.59486343349567894        8.5819372942612003E-006
          34   1.0468750000000000       0.56506510096061646        2.1658211891253989E-007
          35   1.0781250000000000       0.51000496189639777        0.0000000000000000     

 RK step            1
i,grad,phi^(1)
           1  -5.4866355715196732E-005   5.2475021866418589E-005
           2  -2.9689368242100034E-006   2.4727538610004376E-006
           3  -7.2194039637513286E-008   4.9516331125765124E-008
           4   0.0000000000000000        0.0000000000000000     
           5   0.0000000000000000        0.0000000000000000     
           6   0.0000000000000000        0.0000000000000000     
           7  0.43453301295105856       0.58678719037033622     
           8  0.11886136234358126       0.93143814505701317     
           9  -8.8569345655689913E-003   1.0097433063523360     
          10   3.0261499995985139E-003  0.99182266519677986     
          11 -0.42346353193739938       0.50662179795280926     
          12 -0.14047522370872670       0.14916125727584553     
          13  -3.2514877312902729E-002   3.3693220453517581E-002
          14  -5.6033916180432972E-003   5.6603752786520281E-003
          15  -6.7539779258816838E-004   6.6539146421593228E-004
          16  -5.3904013126614790E-005   4.9505073548794213E-005
          17  -2.1272876825007925E-006   1.7018301460006340E-006
          18   0.0000000000000000        0.0000000000000000     
          19   0.0000000000000000        0.0000000000000000     
          20   0.0000000000000000        0.0000000000000000     
          21   1.0587136047093796E-002   6.4626721400189071E-004
          22  0.16941607850849758        3.6181892583119463E-002
          23  0.39986401738752075       0.32271922794282831     
          24  0.32833375069564907       0.74028177108276472     
          25   3.1121969354783105E-002  0.98238254719454687     
          26 -0.22322440143831768       0.94325270516831949     
          27 -0.32691811711824736       0.70483225132636540     
          28 -0.27523672923238074       0.39882614203747019     
          29 -0.12797376108267025       0.14910626724026754     
          30  -2.9415504097011602E-002   3.3130411997746856E-002
          31  -4.9965549486851498E-003   5.4553764154458805E-003
          32  -6.2043055128192511E-004   6.4872034858647618E-004

 End of RK step            1
 i, phi
          -2   3.3130411997746856E-002
          -1   5.4553764154458805E-003
           0   6.4872034858647618E-004
           1   5.2475021866418589E-005
           2   2.4727538610004376E-006
           3   4.9516331125765124E-008
           4   0.0000000000000000     
           5   0.0000000000000000     
           6   0.0000000000000000     
           7  0.58678719037033622     
           8  0.93143814505701317     
           9   1.0097433063523360     
          10  0.99182266519677986     
          11  0.50662179795280926     
          12  0.14916125727584553     
          13   3.3693220453517581E-002
          14   5.6603752786520281E-003
          15   6.6539146421593228E-004
          16   4.9505073548794213E-005
          17   1.7018301460006340E-006
          18   0.0000000000000000     
          19   0.0000000000000000     
          20   0.0000000000000000     
          21   6.4626721400189071E-004
          22   3.6181892583119463E-002
          23  0.32271922794282831     
          24  0.74028177108276472     
          25  0.98238254719454687     
          26  0.94325270516831949     
          27  0.70483225132636540     
          28  0.39882614203747019     
          29  0.14910626724026754     
          30   3.3130411997746856E-002
          31   5.4553764154458805E-003
          32   6.4872034858647618E-004
          33   5.2475021866418589E-005
          34   2.4727538610004376E-006
          35   4.9516331125765124E-008

 RK step            2
i,grad,phi^(2)
           1  -2.4001312598955521E-004   6.7557833635211592E-005
           2  -1.8678534554847316E-005   4.3292002129403128E-006
           3  -8.4900945256302844E-007   1.5795839027378329E-007
           4  -1.6505443708588373E-008   2.4309660936330936E-009
           5   8.2527218542941867E-009  -9.9942908618426775E-010
           6  -1.6505443708588373E-008   1.5996425080762112E-009
           7  0.46975399881312241       0.65216414149281310     
           8  0.21551298427561574       0.94108538435217803     
           9   1.8389282464708265E-003   1.0078004883193397     
          10  -9.3268787341705822E-003  0.99326572022401904     
          11 -0.44037273350840533       0.42617974026290739     
          12 -0.25550631829758408       0.12906793169121017     
          13  -6.1017552617424586E-002   2.8313414075862728E-002
          14  -1.3404120505207407E-002   5.0763405168475304E-003
          15  -2.1702660564675144E-003   6.9276260123761100E-004
          16  -2.4484786136704054E-004   6.6132237946233446E-005
          17  -1.7352606255931717E-005   3.8959787876865023E-006
          18  -5.6727671533354461E-007   1.0777205535693255E-007
          19   2.8363835766677231E-007  -4.8635354486030899E-008
          20  -5.6727671533354472E-007   8.3550038704251312E-008
          21   1.1848232256701330E-003   4.3491823080013354E-003
          22   6.4394668093713345E-002   7.9198429815360211E-002
          23  0.37204602295154987       0.38760231017682401     
          24  0.44308297962659565       0.77734120530241613     
          25  0.11911360889441995       0.98062177389401373     
          26 -0.15243181565447123       0.90269880922698964     
          27 -0.29285859655519697       0.63816410777746158     
          28 -0.29077262288688055       0.33404361682904227     
          29 -0.19575749586369323       0.12139299910541272     
          30  -6.4251578763333789E-002   2.9016010449280979E-002
          31  -1.3131184362029818E-002   5.1022995903440040E-003
          32  -2.0907560832189465E-003   6.9461323446111042E-004

 End of RK step            2
 i, phi
          -2   2.9016010449280979E-002
          -1   5.1022995903440040E-003
           0   6.9461323446111042E-004
           1   6.7557833635211592E-005
           2   4.3292002129403128E-006
           3   1.5795839027378329E-007
           4   2.4309660936330936E-009
           5  -9.9942908618426775E-010
           6   1.5996425080762112E-009
           7  0.65216414149281310     
           8  0.94108538435217803     
           9   1.0078004883193397     
          10  0.99326572022401904     
          11  0.42617974026290739     
          12  0.12906793169121017     
          13   2.8313414075862728E-002
          14   5.0763405168475304E-003
          15   6.9276260123761100E-004
          16   6.6132237946233446E-005
          17   3.8959787876865023E-006
          18   1.0777205535693255E-007
          19  -4.8635354486030899E-008
          20   8.3550038704251312E-008
          21   4.3491823080013354E-003
          22   7.9198429815360211E-002
          23  0.38760231017682401     
          24  0.77734120530241613     
          25  0.98062177389401373     
          26  0.90269880922698964     
          27  0.63816410777746158     
          28  0.33404361682904227     
          29  0.12139299910541272     
          30   2.9016010449280979E-002
          31   5.1022995903440040E-003
          32   6.9461323446111042E-004
          33   6.7557833635211592E-005
          34   4.3292002129403128E-006
          35   1.5795839027378329E-007

 RK step            3
i,grad,phi^(3)
           1  -2.6101378782341457E-004   1.8710655502738257E-004
           2  -2.4526324755615841E-005   1.5383785768687244E-005
           3  -1.5194483951756652E-006   8.0007679846849560E-007
           4  -5.5134315975607943E-008   2.3274857884029837E-008
           5   2.3928931911597392E-008  -8.3939250032517792E-009
           6  -4.3075382427452261E-008   1.2198951482660640E-008
           7  0.44703656501933403       0.58233199237925470     
           8  0.15432546227497643       0.92056446072899334     
           9   2.5974567976336637E-003   1.0071668346052838     
          10  -8.1742818499880507E-003  0.99481011371829975     
          11 -0.41982941419422698       0.50677510174729434     
          12 -0.18666368302134489       0.17336448668870444     
          13  -5.2218470851693496E-002   4.4230516031521033E-002
          14  -1.1294234388798103E-002   9.1542511865143374E-003
          15  -1.9730118980863629E-003   1.5121166016429076E-003
          16  -2.6010896927386001E-004   1.8494022992604844E-004
          17  -2.3876190761483131E-005   1.5331287597915338E-005
          18  -1.4151059845107064E-006   7.8876508462300231E-007
          19   5.4509007824921942E-007  -2.8166723707993571E-007
          20  -8.3792037844421528E-007   3.8479646454963734E-007
          21   7.9731413708361530E-003   2.2495325369561491E-003
          22  0.13214971594099925        5.2598623542555158E-002
          23  0.37444132409185737       0.32948858193065345     
          24  0.37966652981099741       0.72568916907629566     
          25   7.8469669749724621E-002  0.96973656119413587     
          26 -0.18699413247096236       0.93197746749451971     
          27 -0.30617020665292055       0.69726949331191690     
          28 -0.28022816478997126       0.40169237761702770     
          29 -0.15731442916366534       0.16728550741406373     
          30  -4.9985807541844243E-002   4.6518448056181869E-002
          31  -1.1539799682743752E-002   9.8005826334739629E-003
          32  -1.9812368470788350E-003   1.5705271106030976E-003

 End of RK step            3
 i, phi
          -2   4.6518448056181869E-002
          -1   9.8005826334739629E-003
           0   1.5705271106030976E-003
           1   1.8710655502738257E-004
           2   1.5383785768687244E-005
           3   8.0007679846849560E-007
           4   2.3274857884029837E-008
           5  -8.3939250032517792E-009
           6   1.2198951482660640E-008
           7  0.58233199237925470     
           8  0.92056446072899334     
           9   1.0071668346052838     
          10  0.99481011371829975     
          11  0.50677510174729434     
          12  0.17336448668870444     
          13   4.4230516031521033E-002
          14   9.1542511865143374E-003
          15   1.5121166016429076E-003
          16   1.8494022992604844E-004
          17   1.5331287597915338E-005
          18   7.8876508462300231E-007
          19  -2.8166723707993571E-007
          20   3.8479646454963734E-007
          21   2.2495325369561491E-003
          22   5.2598623542555158E-002
          23  0.32948858193065345     
          24  0.72568916907629566     
          25  0.96973656119413587     
          26  0.93197746749451971     
          27  0.69726949331191690     
          28  0.40169237761702770     
          29  0.16728550741406373     
          30   4.6518448056181869E-002
          31   9.8005826334739629E-003
          32   1.5705271106030976E-003
          33   1.8710655502738257E-004
          34   1.5383785768687244E-005
          35   8.0007679846849560E-007

 start of step #           4 , time =   0.12591972431144741      , dt =    4.2141173994610676E-002
 i,x(i),a(i),phi(i)
          -2  -7.8125000000000000E-002  0.50861657183201037        4.6518448056181869E-002
          -1  -4.6875000000000000E-002  0.56352682029568224        9.8005826334739629E-003
           0  -1.5625000000000000E-002  0.59324403262228020        1.5705271106030976E-003
           1   1.5625000000000000E-002  0.59324403262228020        1.8710655502738257E-004
           2   4.6875000000000000E-002  0.56352682029568235        1.5383785768687244E-005
           3   7.8125000000000000E-002  0.50861657183201048        8.0007679846849560E-007
           4  0.10937500000000000       0.43687287479721693        2.3274857884029837E-008
           5  0.14062500000000000       0.35921805670661583       -8.3939250032517792E-009
           6  0.17187500000000000       0.28747435967182228        1.2198951482660640E-008
           7  0.20312500000000000       0.23256411120815035       0.58233199237925470     
           8  0.23437500000000000       0.20284689888155250       0.92056446072899334     
           9  0.26562500000000000       0.20284689888155250        1.0071668346052838     
          10  0.29687500000000000       0.23256411120815035       0.99481011371829975     
          11  0.32812500000000000       0.28747435967182222       0.50677510174729434     
          12  0.35937500000000000       0.35921805670661572       0.17336448668870444     
          13  0.39062500000000000       0.43687287479721693        4.4230516031521033E-002
          14  0.42187500000000000       0.50861657183201037        9.1542511865143374E-003
          15  0.45312500000000000       0.56352682029568235        1.5121166016429076E-003
          16  0.48437500000000000       0.59324403262228020        1.8494022992604844E-004
          17  0.51562500000000000       0.59324403262228020        1.5331287597915338E-005
          18  0.54687500000000000       0.56352682029568246        7.8876508462300231E-007
          19  0.57812500000000000       0.50861657183201048       -2.8166723707993571E-007
          20  0.60937500000000000       0.43687287479721704        3.8479646454963734E-007
          21  0.64062500000000000       0.35921805670661600        2.2495325369561491E-003
          22  0.67187500000000000       0.28747435967182233        5.2598623542555158E-002
          23  0.70312500000000000       0.23256411120815040       0.32948858193065345     
          24  0.73437500000000000       0.20284689888155250       0.72568916907629566     
          25  0.76562500000000000       0.20284689888155244       0.96973656119413587     
          26  0.79687500000000000       0.23256411120815032       0.93197746749451971     
          27  0.82812500000000000       0.28747435967182217       0.69726949331191690     
          28  0.85937500000000000       0.35921805670661583       0.40169237761702770     
          29  0.89062500000000000       0.43687287479721665       0.16728550741406373     
          30  0.92187500000000000       0.50861657183201037        4.6518448056181869E-002
          31  0.95312500000000000       0.56352682029568224        9.8005826334739629E-003
          32  0.98437500000000000       0.59324403262228020        1.5705271106030976E-003
          33   1.0156250000000000       0.59324403262228020        1.8710655502738257E-004
          34   1.0468750000000000       0.56352682029568235        1.5383785768687244E-005
          35   1.0781250000000000       0.50861657183201048        8.0007679846849560E-007

 RK step            1
i,grad,phi^(1)
           1  -6.0181187474578129E-004   6.6855605482400758E-004
           2  -6.9264546904649992E-005   6.8019703172007303E-005
           3  -5.5032931434120905E-006   4.5746665975652703E-006
           4  -2.8875677868187530E-007   1.9339035448642664E-007
           5   1.0994062985331375E-007  -6.1650470016529699E-008
           6  -1.8423345993548725E-007   8.3619672821866823E-008
           7  0.46153732137216824       0.43758613936513702     
           8  0.21367251822016184       0.86211592311038632     
           9   1.1677659876290927E-002   1.0039724970823207     
          10  -1.0945935031896691E-002  0.99824294272228709     
          11 -0.41899818809629624       0.66920570932605183     
          12 -0.23954766743938521       0.28940421786754866     
          13  -7.1001188492421471E-002   8.6059499215515783E-002
          14  -1.7839337707108948E-002   2.1389867276219280E-002
          15  -3.6250903476665037E-003   4.2669163461935659E-003
          16  -5.8130915542684860E-004   6.4998755426752737E-004
          17  -6.8476677483504165E-005   7.0112629584718678E-005
          18  -5.8506117227881552E-006   5.2347959786603586E-006
          19   1.7538813846727983E-006  -1.4846165641272499E-006
          20  -2.3768196761231337E-006   1.7850540148095790E-006
          21   4.1223031724754635E-003   2.5263998907612811E-004
          22   8.9682883300925179E-002   1.7831778153151782E-002
          23  0.35441697920436277       0.21833746672916921     
          24  0.42011248864942902       0.61077050381503795     
          25  0.12475303100738777       0.93561129189601555     
          26 -0.15037646816352110       0.97913805267291198     
          27 -0.28548244277278123       0.80794082304567094     
          28 -0.28533189078296184       0.53991052959124519     
          29 -0.18633189233928241       0.27705935425796108     
          30  -7.3810692905310199E-002   9.7143606710171165E-002
          31  -1.8867097984032404E-002   2.4138177485497833E-002
          32  -3.8675818423936016E-003   4.6645925845179795E-003

 End of RK step            1
 i, phi
          -2   9.7143606710171165E-002
          -1   2.4138177485497833E-002
           0   4.6645925845179795E-003
           1   6.6855605482400758E-004
           2   6.8019703172007303E-005
           3   4.5746665975652703E-006
           4   1.9339035448642664E-007
           5  -6.1650470016529699E-008
           6   8.3619672821866823E-008
           7  0.43758613936513702     
           8  0.86211592311038632     
           9   1.0039724970823207     
          10  0.99824294272228709     
          11  0.66920570932605183     
          12  0.28940421786754866     
          13   8.6059499215515783E-002
          14   2.1389867276219280E-002
          15   4.2669163461935659E-003
          16   6.4998755426752737E-004
          17   7.0112629584718678E-005
          18   5.2347959786603586E-006
          19  -1.4846165641272499E-006
          20   1.7850540148095790E-006
          21   2.5263998907612811E-004
          22   1.7831778153151782E-002
          23  0.21833746672916921     
          24  0.61077050381503795     
          25  0.93561129189601555     
          26  0.97913805267291198     
          27  0.80794082304567094     
          28  0.53991052959124519     
          29  0.27705935425796108     
          30   9.7143606710171165E-002
          31   2.4138177485497833E-002
          32   4.6645925845179795E-003
          33   6.6855605482400758E-004
          34   6.8019703172007303E-005
          35   4.5746665975652703E-006

 RK step            2
i,grad,phi^(2)
           1  -1.8218849635122506E-003   6.7184592267898889E-004
           2  -2.5231943498885530E-004   7.6478778321222626E-005
           3  -2.4756902256629223E-005   5.9887802665184362E-006
           4  -1.6971711252518110E-006   3.1576765505437157E-007
           5   5.6610206770680913E-007  -9.0264700169688842E-008
           6  -8.9654919056910528E-007   1.1694414344855920E-007
           7  0.47599407604087340       0.50882559562534979     
           8  0.32812933515410853       0.88351298790441168     
           9   4.5548996232392586E-002   1.0032533524338083     
          10  -3.4493591378902067E-002  0.99837276331689251     
          11 -0.39228953423882557       0.58540190814161841     
          12 -0.32944327686672437       0.24227097712362455     
          13 -0.12771022761337572        7.3497267262186583E-002
          14  -3.5222848289465924E-002   1.8252802761047893E-002
          15  -8.6251118158331350E-003   3.8394278238601562E-003
          16  -1.6780590622766773E-003   6.3681387346675364E-004
          17  -2.4623660080885356E-004   7.8273943256386885E-005
          18  -2.7770400084165254E-005   7.1761338019950764E-006
          19   6.3033520083323224E-006  -1.6632377886407623E-006
          20  -7.7922338407163786E-006   1.8825219871246047E-006
          21   4.5384629442272848E-004   1.6953472680602986E-003
          22   3.1936845766760133E-002   4.0811719059875233E-002
          23  0.29496922981462481       0.27857397740820444     
          24  0.39425720896662153       0.66999796659615152     
          25  0.21980407081213535       0.94617379924514011     
          26  -7.4933573908496254E-002  0.94964272050992160     
          27 -0.23661579186555448       0.74786919509905880     
          28 -0.27840011933791370       0.46996199552917928     
          29 -0.23434284638459579       0.22924361313609218     
          30 -0.13045640347583537        8.1544044467231291E-002
          31  -3.9897124404091995E-002   2.0964695062266857E-002
          32  -9.7211360164629265E-003   4.2882706823744038E-003

 End of RK step            2
 i, phi
          -2   8.1544044467231291E-002
          -1   2.0964695062266857E-002
           0   4.2882706823744038E-003
           1   6.7184592267898889E-004
           2   7.6478778321222626E-005
           3   5.9887802665184362E-006
           4   3.1576765505437157E-007
           5  -9.0264700169688842E-008
           6   1.1694414344855920E-007
           7  0.50882559562534979     
           8  0.88351298790441168     
           9   1.0032533524338083     
          10  0.99837276331689251     
          11  0.58540190814161841     
          12  0.24227097712362455     
          13   7.3497267262186583E-002
          14   1.8252802761047893E-002
          15   3.8394278238601562E-003
          16   6.3681387346675364E-004
          17   7.8273943256386885E-005
          18   7.1761338019950764E-006
          19  -1.6632377886407623E-006
          20   1.8825219871246047E-006
          21   1.6953472680602986E-003
          22   4.0811719059875233E-002
          23  0.27857397740820444     
          24  0.66999796659615152     
          25  0.94617379924514011     
          26  0.94964272050992160     
          27  0.74786919509905880     
          28  0.46996199552917928     
          29  0.22924361313609218     
          30   8.1544044467231291E-002
          31   2.0964695062266857E-002
          32   4.2882706823744038E-003
          33   6.7184592267898889E-004
          34   7.6478778321222626E-005
          35   5.9887802665184362E-006

 RK step            3
i,grad,phi^(3)
           1  -1.6898658738541594E-003   1.4115279328506718E-003
           2  -2.5625187772959819E-004   1.8593539251692530E-004
           3  -2.8156504468584103E-005   1.7133837603204847E-005
           4  -2.2638993071111131E-006   1.1074251819714411E-006
           5   6.7621142043004298E-007  -2.8135099646422051E-007
           6  -1.0374169094264962E-006   3.5014202711766212E-007
           7  0.46189125903805422       0.43675649200424149     
           8  0.26734870196214944       0.84710930495378456     
           9   3.5708875355681617E-002  0.99804591392571851     
          10  -2.3749041238954414E-002   1.0021506121638188     
          11 -0.39547044259651326       0.66139946758994128     
          12 -0.27337186993959522       0.30758519766535286     
          13 -0.10187109121524557       0.10375194486641651     
          14  -2.9892198289637108E-002   2.8888227309127702E-002
          15  -7.3802132826886867E-003   6.8026004893201406E-003
          16  -1.5211382903973743E-003   1.2974630804984517E-003
          17  -2.4395492268367613E-004   1.8740235013485699E-004
          18  -3.1656372772954699E-005   2.1084674193703852E-005
          19   5.6654118421238917E-006  -3.7932366114048969E-006
          20  -6.8861100401522838E-006   4.0878262455512934E-006
          21   3.0976021908655470E-003   8.7973219817151895E-004
          22   6.9738821334500600E-002   2.6717189835801399E-002
          23  0.32209048305428756       0.22820352340932409     
          24  0.36004303672600924       0.62290362689098822     
          25  0.16606550276442653       0.92374405955304995     
          26 -0.11039637952446779       0.96683574159217012     
          27 -0.25872744437967266       0.79786887719339528     
          28 -0.26861779040605560       0.53395321857173594     
          29 -0.20351397495554630       0.28852180456426124     
          30 -0.10315635996019104       0.11703732386631353     
          31  -3.3487399324949284E-002   3.4208617115952633E-002
          32  -8.4732675689840348E-003   7.9014321952421210E-003

 End of RK step            3
 i, phi
          -2  0.11703732386631353     
          -1   3.4208617115952633E-002
           0   7.9014321952421210E-003
           1   1.4115279328506718E-003
           2   1.8593539251692530E-004
           3   1.7133837603204847E-005
           4   1.1074251819714411E-006
           5  -2.8135099646422051E-007
           6   3.5014202711766212E-007
           7  0.43675649200424149     
           8  0.84710930495378456     
           9  0.99804591392571851     
          10   1.0021506121638188     
          11  0.66139946758994128     
          12  0.30758519766535286     
          13  0.10375194486641651     
          14   2.8888227309127702E-002
          15   6.8026004893201406E-003
          16   1.2974630804984517E-003
          17   1.8740235013485699E-004
          18   2.1084674193703852E-005
          19  -3.7932366114048969E-006
          20   4.0878262455512934E-006
          21   8.7973219817151895E-004
          22   2.6717189835801399E-002
          23  0.22820352340932409     
          24  0.62290362689098822     
          25  0.92374405955304995     
          26  0.96683574159217012     
          27  0.79786887719339528     
          28  0.53395321857173594     
          29  0.28852180456426124     
          30  0.11703732386631353     
          31   3.4208617115952633E-002
          32   7.9014321952421210E-003
          33   1.4115279328506718E-003
          34   1.8593539251692530E-004
          35   1.7133837603204847E-005

 start of step #           5 , time =   0.16806089830605808      , dt =    4.2303239688680543E-002
 i,x(i),a(i),phi(i)
          -2  -7.8125000000000000E-002  0.50666803790562542       0.11703732386631353     
          -1  -4.6875000000000000E-002  0.56136792263369917        3.4208617115952633E-002
           0  -1.5625000000000000E-002  0.59097128692697920        7.9014321952421210E-003
           1   1.5625000000000000E-002  0.59097128692697920        1.4115279328506718E-003
           2   4.6875000000000000E-002  0.56136792263369928        1.8593539251692530E-004
           3   7.8125000000000000E-002  0.50666803790562553        1.7133837603204847E-005
           4  0.10937500000000000       0.43519919433691751        1.1074251819714411E-006
           5  0.14062500000000000       0.35784187549423074       -2.8135099646422051E-007
           6  0.17187500000000000       0.28637303192552271        3.5014202711766212E-007
           7  0.20312500000000000       0.23167314719744894       0.43675649200424149     
           8  0.23437500000000000       0.20206978290416897       0.84710930495378456     
           9  0.26562500000000000       0.20206978290416897       0.99804591392571851     
          10  0.29687500000000000       0.23167314719744894        1.0021506121638188     
          11  0.32812500000000000       0.28637303192552271       0.66139946758994128     
          12  0.35937500000000000       0.35784187549423063       0.30758519766535286     
          13  0.39062500000000000       0.43519919433691751       0.10375194486641651     
          14  0.42187500000000000       0.50666803790562542        2.8888227309127702E-002
          15  0.45312500000000000       0.56136792263369928        6.8026004893201406E-003
          16  0.48437500000000000       0.59097128692697920        1.2974630804984517E-003
          17  0.51562500000000000       0.59097128692697920        1.8740235013485699E-004
          18  0.54687500000000000       0.56136792263369928        2.1084674193703852E-005
          19  0.57812500000000000       0.50666803790562553       -3.7932366114048969E-006
          20  0.60937500000000000       0.43519919433691762        4.0878262455512934E-006
          21  0.64062500000000000       0.35784187549423091        8.7973219817151895E-004
          22  0.67187500000000000       0.28637303192552277        2.6717189835801399E-002
          23  0.70312500000000000       0.23167314719744900       0.22820352340932409     
          24  0.73437500000000000       0.20206978290416897       0.62290362689098822     
          25  0.76562500000000000       0.20206978290416891       0.92374405955304995     
          26  0.79687500000000000       0.23167314719744891       0.96683574159217012     
          27  0.82812500000000000       0.28637303192552266       0.79786887719339528     
          28  0.85937500000000000       0.35784187549423074       0.53395321857173594     
          29  0.89062500000000000       0.43519919433691723       0.28852180456426124     
          30  0.92187500000000000       0.50666803790562542       0.11703732386631353     
          31  0.95312500000000000       0.56136792263369917        3.4208617115952633E-002
          32  0.98437500000000000       0.59097128692697920        7.9014321952421210E-003
          33   1.0156250000000000       0.59097128692697920        1.4115279328506718E-003
          34   1.0468750000000000       0.56136792263369928        1.8593539251692530E-004
          35   1.0781250000000000       0.50666803790562553        1.7133837603204847E-005

 RK step            1
i,grad,phi^(1)
           1  -3.1564949452563182E-003   3.9367238890557262E-003
           2  -5.4652774046914368E-004   6.0125593226661577E-004
           3  -6.9391065959195368E-005   6.4727669676565170E-005
           4  -6.6046997930378345E-006   4.9984569019235877E-006
           5   1.7242529293698108E-006  -1.1165995653488916E-006
           6  -2.5641613890027456E-006   1.3441756630101044E-006
           7  0.46238995658336834       0.29174323827247839     
           8  0.31948019013822815       0.75971786094761762     
           9   5.8756604731054561E-002  0.98197347910550392     
          10  -3.1783159380891303E-002   1.0121183445725292     
          11 -0.37445673099529347       0.80656294575167065     
          12 -0.30599778510782294       0.45581415395113423     
          13 -0.13584657153077850       0.18378333697150495     
          14  -4.2441738634132288E-002   5.7998098349906331E-002
          15  -1.1764479992226660E-002   1.5742732560295722E-002
          16  -2.7323767989200329E-003   3.4833645196344783E-003
          17  -5.0447198827130771E-004   5.9097994075190318E-004
          18  -7.7484328127467694E-005   7.9967015559245016E-005
          19   9.6150412715869580E-006  -1.0387985565505630E-005
          20  -1.1966380803337814E-005   1.1137589101979002E-005
          21   1.5878608049294553E-003   1.1055359199677527E-004
          22   4.6349714256026804E-002   8.7490638114044381E-003
          23  0.29516573619888531       0.13563459281964274     
          24  0.37508511470575279       0.52030186687208990     
          25  0.19928090398448084       0.86923224160739576     
          26  -7.0552625210668421E-002  0.98896222940932488     
          27 -0.23534676798306198       0.88910439944916209     
          28 -0.26391731776379079       0.66179789739542427     
          29 -0.21770172880193495       0.41677658658322281     
          30 -0.12960806716383094       0.20593269531911004     
          31  -4.9212237149212981E-002   7.1606266643414920E-002
          32  -1.3973049768840753E-002   1.9079872010314726E-002

 End of RK step            1
 i, phi
          -2  0.20593269531911004     
          -1   7.1606266643414920E-002
           0   1.9079872010314726E-002
           1   3.9367238890557262E-003
           2   6.0125593226661577E-004
           3   6.4727669676565170E-005
           4   4.9984569019235877E-006
           5  -1.1165995653488916E-006
           6   1.3441756630101044E-006
           7  0.29174323827247839     
           8  0.75971786094761762     
           9  0.98197347910550392     
          10   1.0121183445725292     
          11  0.80656294575167065     
          12  0.45581415395113423     
          13  0.18378333697150495     
          14   5.7998098349906331E-002
          15   1.5742732560295722E-002
          16   3.4833645196344783E-003
          17   5.9097994075190318E-004
          18   7.9967015559245016E-005
          19  -1.0387985565505630E-005
          20   1.1137589101979002E-005
          21   1.1055359199677527E-004
          22   8.7490638114044381E-003
          23  0.13563459281964274     
          24  0.52030186687208990     
          25  0.86923224160739576     
          26  0.98896222940932488     
          27  0.88910439944916209     
          28  0.66179789739542427     
          29  0.41677658658322281     
          30  0.20593269531911004     
          31   7.1606266643414920E-002
          32   1.9079872010314726E-002
          33   3.9367238890557262E-003
          34   6.0125593226661577E-004
          35   6.4727669676565170E-005

 RK step            2
i,grad,phi^(2)
           1  -7.7378512939789180E-003   3.5903971806977193E-003
           2  -1.5489746689589720E-003   5.8404198770246212E-004
           3  -2.2759792209767278E-004   6.8058419283242855E-005
           4  -2.5415747185667426E-005   5.8234826404998332E-006
           5   5.6792468158328636E-006  -1.1779367672621618E-006
           6  -8.2640837944044774E-006   1.3995728445537777E-006
           7  0.39910937584318784       0.36921132828246406     
           8  0.51758875204988009       0.78986579984093008     
           9  0.13346516041195963       0.98490070324928025     
          10  -8.0440348077412807E-002   1.0109494061957915     
          11 -0.29323657386206520       0.72610966936730781     
          12 -0.32264440497960345       0.38371563083256727     
          13 -0.21016262839013455       0.15471310943390892     
          14  -7.5097989691764830E-002   4.9042716992211424E-002
          15  -2.3819197867274145E-002   1.3562839357616601E-002
          16  -6.4116076750904503E-003   3.1262599753005488E-003
          17  -1.3749131304339483E-003   5.6327937387590818E-004
          18  -2.4922107177942566E-004   8.3152641188386612E-005
          19  -2.8749688634479063E-005  -5.1222636612355339E-007
          20   6.6135813375294380E-005  -3.8903933175647595E-006
          21   1.2703116782014423E-004   6.7205369555264547E-004
          22   1.5728458590425945E-002   2.0700818154910604E-002
          23  0.22257834659342621       0.18761021413804907     
          24  0.39904273899658238       0.56996438913169944     
          25  0.26657409587132341       0.89188626179939523     
          26   8.3339840590023612E-003  0.97171394421514667     
          27 -0.17893869028503645       0.83801978989976811     
          28 -0.24481261115072836       0.59556192136656794     
          29 -0.23658130575591585       0.35542983039020465     
          30 -0.17964183380995877       0.17006427932591420     
          31  -9.4306840230093864E-002   6.1474580153064291E-002
          32  -2.9572176985951049E-002   1.6610477546200486E-002

 End of RK step            2
 i, phi
          -2  0.17006427932591420     
          -1   6.1474580153064291E-002
           0   1.6610477546200486E-002
           1   3.5903971806977193E-003
           2   5.8404198770246212E-004
           3   6.8058419283242855E-005
           4   5.8234826404998332E-006
           5  -1.1779367672621618E-006
           6   1.3995728445537777E-006
           7  0.36921132828246406     
           8  0.78986579984093008     
           9  0.98490070324928025     
          10   1.0109494061957915     
          11  0.72610966936730781     
          12  0.38371563083256727     
          13  0.15471310943390892     
          14   4.9042716992211424E-002
          15   1.3562839357616601E-002
          16   3.1262599753005488E-003
          17   5.6327937387590818E-004
          18   8.3152641188386612E-005
          19  -5.1222636612355339E-007
          20  -3.8903933175647595E-006
          21   6.7205369555264547E-004
          22   2.0700818154910604E-002
          23  0.18761021413804907     
          24  0.56996438913169944     
          25  0.89188626179939523     
          26  0.97171394421514667     
          27  0.83801978989976811     
          28  0.59556192136656794     
          29  0.35542983039020465     
          30  0.17006427932591420     
          31   6.1474580153064291E-002
          32   1.6610477546200486E-002
          33   3.5903971806977193E-003
          34   5.8404198770246212E-004
          35   6.8058419283242855E-005

 RK step            3
i,grad,phi^(3)
           1  -6.7593255212604333E-003   6.4690810427542669E-003
           2  -1.4217322152406445E-003   1.1716137995602055E-003
           3  -2.2269006677406528E-004   1.5290909390747317E-004
           4  -2.7009079989351990E-005   1.4859383126545546E-005
           5   5.3971431379274855E-006  -2.6220349416214258E-006
           6  -7.8512219501961234E-006   3.0788544835862235E-006
           7  0.44110955196720320       0.29950014182010232     
           8  0.35402203931656850       0.74438689389762980     
           9  0.10110290856271793       0.97084513803787176     
          10  -3.9566608054982487E-002   1.0162889765811183     
          11 -0.34210785748866862       0.79295492024567982     
          12 -0.31418924977375595       0.45980348572480034     
          13 -0.16899322555699103       0.20409879133667402     
          14  -6.3050598945675523E-002   7.1154582307479119E-002
          15  -2.0096611929890876E-002   2.1490715896170715E-002
          16  -5.5346558398446308E-003   5.4684774582836534E-003
          17  -1.2404883331220630E-003   1.0995808102939914E-003
          18  -2.2919993936602542E-004   1.7857995299312888E-004
          19   9.1743435020147054E-006  -5.8008857017357374E-006
          20  -6.8626538159887533E-005   2.5722348977302661E-005
          21   1.2152837351872298E-003   3.4881462657775520E-004
          22   3.5929674016157195E-002   1.3420509243573174E-002
          23  0.26320442757393914       0.14611109883715481     
          24  0.38241500515167137       0.51787293681249225     
          25  0.23115175886272196       0.86035229127229440     
          26  -3.1695294869949271E-002  0.97671466108939986     
          27 -0.20553569850984077       0.87775537708588236     
          28 -0.25003510681398772       0.65577233456462602     
          29 -0.22148894807953287       0.42011778800782507     
          30 -0.15064584378179813       0.22127177927197925     
          31  -7.4551858335614465E-002   9.0155180382570130E-002
          32  -2.5303708641374364E-002   2.7202773704614026E-002

 End of RK step            3
 i, phi
          -2  0.22127177927197925     
          -1   9.0155180382570130E-002
           0   2.7202773704614026E-002
           1   6.4690810427542669E-003
           2   1.1716137995602055E-003
           3   1.5290909390747317E-004
           4   1.4859383126545546E-005
           5  -2.6220349416214258E-006
           6   3.0788544835862235E-006
           7  0.29950014182010232     
           8  0.74438689389762980     
           9  0.97084513803787176     
          10   1.0162889765811183     
          11  0.79295492024567982     
          12  0.45980348572480034     
          13  0.20409879133667402     
          14   7.1154582307479119E-002
          15   2.1490715896170715E-002
          16   5.4684774582836534E-003
          17   1.0995808102939914E-003
          18   1.7857995299312888E-004
          19  -5.8008857017357374E-006
          20   2.5722348977302661E-005
          21   3.4881462657775520E-004
          22   1.3420509243573174E-002
          23  0.14611109883715481     
          24  0.51787293681249225     
          25  0.86035229127229440     
          26  0.97671466108939986     
          27  0.87775537708588236     
          28  0.65577233456462602     
          29  0.42011778800782507     
          30  0.22127177927197925     
          31   9.0155180382570130E-002
          32   2.7202773704614026E-002
          33   6.4690810427542669E-003
          34   1.1716137995602055E-003
          35   1.5290909390747317E-004

