 initial time = 0 i,x(i),T(i)
           0 -0.52343750000000000        1.0000000000000000     
           1 -0.47656250000000000        1.0000000000000000     
           2 -0.42968750000000000        1.0000000000000000     
           3 -0.38281250000000000        1.0000000000000000     
           4 -0.33593750000000000        1.0000000000000000     
           5 -0.28906250000000000        1.0000000000000000     
           6 -0.24218750000000000        1.0000000000000000     
           7 -0.19531250000000000        1.0000000000000000     
           8 -0.14843750000000000        1.0000000000000000     
           9 -0.10156250000000000        1.0000000000000000     
          10  -5.4687500000000000E-002   1.0000000000000000     
          11  -7.8125000000000000E-003   1.0000000000000000     
          12   3.9062500000000000E-002   1.0000000000000000     
          13   8.5937500000000000E-002   1.0000000000000000     
          14  0.13281250000000000        1.0000000000000000     
          15  0.17968750000000000        1.0000000000000000     
          16  0.22656250000000000        1.0000000000000000     
          17  0.27343750000000000        1.0000000000000000     
          18  0.32031250000000000        1.0000000000000000     
          19  0.36718750000000000        1.0000000000000000     
          20  0.41406250000000000        1.0000000000000000     
          21  0.46093750000000000        1.0000000000000000     
          22  0.50781250000000000        1.0000000000000000     
          23  0.55468750000000000        1.0000000000000000     
          24  0.60156250000000000        1.0000000000000000     
          25  0.64843750000000000        1.0000000000000000     
          26  0.69531250000000000        1.0000000000000000     
          27  0.74218750000000000        1.0000000000000000     
          28  0.78906250000000000        1.0000000000000000     
          29  0.83593750000000000        1.0000000000000000     
          30  0.88281250000000000        1.0000000000000000     
          31  0.92968750000000000        1.0000000000000000     
          32  0.97656250000000000        1.0000000000000000     
          33   1.0234375000000000        1.0000000000000000     

 1/2 of maximum stable time step: dt =   5.4931640625000000E-003

 for timestep #            1 , inside of the domain: i,x,time,q =
           1 -0.47656250000000000        0.0000000000000000       -4.4067935167520957     
           2 -0.42968750000000000        0.0000000000000000        13.983802643834984     
           3 -0.38281250000000000        0.0000000000000000        16.150361798671849     
           4 -0.33593750000000000        0.0000000000000000       -5.8905956568437929     
           5 -0.28906250000000000        0.0000000000000000       -30.616155439630163     
           6 -0.24218750000000000        0.0000000000000000       -31.663296680458060     
           7 -0.19531250000000000        0.0000000000000000       -4.9101046875866787     
           8 -0.14843750000000000        0.0000000000000000        27.982247178426626     
           9 -0.10156250000000000        0.0000000000000000        40.251932697597788     
          10  -5.4687500000000000E-002   0.0000000000000000        23.591793075891253     
          11  -7.8125000000000000E-003   0.0000000000000000       -6.6206645652529561     
          12   3.9062500000000000E-002   0.0000000000000000       -26.718887765391656     
          13   8.5937500000000000E-002   0.0000000000000000       -24.804637313569096     
          14  0.13281250000000000        0.0000000000000000       -7.8357954763568705     
          15  0.17968750000000000        0.0000000000000000        7.9459703841920017     
          16  0.22656250000000000        0.0000000000000000        12.019448604709265     
          17  0.27343750000000000        0.0000000000000000        6.2242951117317977     
          18  0.32031250000000000        0.0000000000000000      -0.69076374048019540     
          19  0.36718750000000000        0.0000000000000000       -2.8169794527759127     
          20  0.41406250000000000        0.0000000000000000       -1.1723421019345404     
          21  0.46093750000000000        0.0000000000000000       0.18991076520405448     
          22  0.50781250000000000        0.0000000000000000       -9.1356784659264445E-002
          23  0.55468750000000000        0.0000000000000000        5.5810372213028717E-002
          24  0.60156250000000000        0.0000000000000000        1.8773098368219592     
          25  0.64843750000000000        0.0000000000000000        2.7028118959826442     
          26  0.69531250000000000        0.0000000000000000       -1.2314038769426077     
          27  0.74218750000000000        0.0000000000000000       -8.7397340985276823     
          28  0.78906250000000000        0.0000000000000000       -12.085291498129353     
          29  0.83593750000000000        0.0000000000000000       -3.7143942648860611     
          30  0.88281250000000000        0.0000000000000000        14.175619130145842     
          31  0.92968750000000000        0.0000000000000000        27.797583953203379     
          32  0.97656250000000000        0.0000000000000000        22.278461891297809     

 after timestep #            1 , time =    5.4931640625000000E-003
 i,T =
           0   1.0242072397770805     
           1  0.97579276022291939     
           2   1.0768153221402068     
           3   1.0887165870288371     
           4  0.96764199163110709     
           5  0.83182043520710969     
           6  0.82606831657463220     
           7  0.97302798938703605     
           8   1.1537110745885251     
           9   1.2211104701406128     
          10   1.1295935898944220     
          11  0.96363160334028530     
          12  0.85322876593717956     
          13  0.86374405772575569     
          14  0.95695668988817639     
          15   1.0436485189561329     
          16   1.0660248031264548     
          17   1.0341910742221596     
          18  0.99620552144511609     
          19  0.98452586970521039     
          20  0.99356013249669750     
          21   1.0010432109905008     
          22  0.99949816219364418     
          23   1.0003065755309553     
          24   1.0103123709298081     
          25   1.0148469891747094     
          26  0.99323569647675569     
          27  0.95199120673416193     
          28  0.93361351105763901     
          29  0.97959622291017179     
          30   1.0778690015694046     
          31   1.1526966891960635     
          32   1.1223792462290529     
          33  0.87762075377094706     

 1/2 of maximum stable time step: dt =   5.4931640625000000E-003

 for timestep #            2 , inside of the domain: i,x,time,q =
           1 -0.47656250000000000        5.4931640625000000E-003  -4.4066294672540245     
           2 -0.42968750000000000        5.4931640625000000E-003   13.983282075808338     
           3 -0.38281250000000000        5.4931640625000000E-003   16.149760577231209     
           4 -0.33593750000000000        5.4931640625000000E-003  -5.8903763705856154     
           5 -0.28906250000000000        5.4931640625000000E-003  -30.615015707325107     
           6 -0.24218750000000000        5.4931640625000000E-003  -31.662117966749786     
           7 -0.19531250000000000        5.4931640625000000E-003  -4.9099219015753954     
           8 -0.14843750000000000        5.4931640625000000E-003   27.981205497306988     
           9 -0.10156250000000000        5.4931640625000000E-003   40.250434259032339     
          10  -5.4687500000000000E-002   5.4931640625000000E-003   23.590914836010487     
          11  -7.8125000000000000E-003   5.4931640625000000E-003  -6.6204181010846890     
          12   3.9062500000000000E-002   5.4931640625000000E-003  -26.717893114720987     
          13   8.5937500000000000E-002   5.4931640625000000E-003  -24.803713923742531     
          14  0.13281250000000000        5.4931640625000000E-003  -7.8355037771179559     
          15  0.17968750000000000        5.4931640625000000E-003   7.9456745835269000     
          16  0.22656250000000000        5.4931640625000000E-003   12.019001162707909     
          17  0.27343750000000000        5.4931640625000000E-003   6.2240634030109216     
          18  0.32031250000000000        5.4931640625000000E-003 -0.69073802576393262     
          19  0.36718750000000000        5.4931640625000000E-003  -2.8168745864908122     
          20  0.41406250000000000        5.4931640625000000E-003  -1.1722984597414901     
          21  0.46093750000000000        5.4931640625000000E-003  0.18990369549098721     
          22  0.50781250000000000        5.4931640625000000E-003  -9.1353383765936491E-002
          23  0.55468750000000000        5.4931640625000000E-003   5.5808294588217400E-002
          24  0.60156250000000000        5.4931640625000000E-003   1.8772399511476510     
          25  0.64843750000000000        5.4931640625000000E-003   2.7027112797560764     
          26  0.69531250000000000        5.4931640625000000E-003  -1.2313580360864005     
          27  0.74218750000000000        5.4931640625000000E-003  -8.7394087488178105     
          28  0.78906250000000000        5.4931640625000000E-003  -12.084841605027536     
          29  0.83593750000000000        5.4931640625000000E-003  -3.7142559909886166     
          30  0.88281250000000000        5.4931640625000000E-003   14.175091421462801     
          31  0.92968750000000000        5.4931640625000000E-003   27.796549146449262     
          32  0.97656250000000000        5.4931640625000000E-003   22.277632542140154     

 after timestep #            2 , time =    1.0986328125000000E-002
 i,T =
           0   1.0110543180354918     
           1  0.98894568196450827     
           2   1.1313474604576732     
           3   1.1441859063780728     
           4  0.93159844758104016     
           5  0.69616449059863839     
           6  0.69032105587826698     
           7  0.95448783594489173     
           8   1.2790955046394088     
           9   1.4024836401627783     
          10   1.2405710788961064     
          11  0.94115434783644025     
          12  0.73669252795159856     
          13  0.74816752287678345     
          14  0.91228478135451296     
          15   1.0712165268062739     
          16   1.1184946451119333     
          17   1.0668429196621136     
          18  0.99898765940467182     
          19  0.97423079409097768     
          20  0.98673270865270046     
          21  0.99982935132324291     
          22  0.99958470860249515     
          23   1.0029124851645621     
          24   1.0192565636776536     
          25   1.0231569479122651     
          26  0.98156334550369528     
          27  0.90970089918417552     
          28  0.88331959533416082     
          29  0.97226572208322282     
          30   1.1498738315902925     
          31   1.2791014113804362     
          32   1.1911436743343438     
          33  0.80885632566565624     

