 start of step #           1 , time =    0.0000000000000000      , dt =    4.1935258075043377E-002
 i,x(i),a(i),phi(i)
           0  -1.5625000000000000E-002  0.59615705608064606        0.0000000000000000     
           1   1.5625000000000000E-002  0.59615705608064606        0.0000000000000000     
           2   4.6875000000000000E-002  0.56629392246050914        0.0000000000000000     
           3   7.8125000000000000E-002  0.51111404660392046        0.0000000000000000     
           4  0.10937500000000000       0.43901806440322572        0.0000000000000000     
           5  0.14062500000000000       0.36098193559677438        0.0000000000000000     
           6  0.17187500000000000       0.28888595339607964        0.0000000000000000     
           7  0.20312500000000000       0.23370607753949094        1.0000000000000000     
           8  0.23437500000000000       0.20384294391935392        1.0000000000000000     
           9  0.26562500000000000       0.20384294391935392        1.0000000000000000     
          10  0.29687500000000000       0.23370607753949094        1.0000000000000000     
          11  0.32812500000000000       0.28888595339607959        0.0000000000000000     
          12  0.35937500000000000       0.36098193559677427        0.0000000000000000     
          13  0.39062500000000000       0.43901806440322572        0.0000000000000000     
          14  0.42187500000000000       0.51111404660392035        0.0000000000000000     
          15  0.45312500000000000       0.56629392246050914        0.0000000000000000     
          16  0.48437500000000000       0.59615705608064606        0.0000000000000000     
          17  0.51562500000000000       0.59615705608064606        0.0000000000000000     
          18  0.54687500000000000       0.56629392246050914        0.0000000000000000     
          19  0.57812500000000000       0.51111404660392046        0.0000000000000000     
          20  0.60937500000000000       0.43901806440322577        0.0000000000000000     
          21  0.64062500000000000       0.36098193559677455        3.8060233744356631E-002
          22  0.67187500000000000       0.28888595339607964       0.30865828381745508     
          23  0.70312500000000000       0.23370607753949099       0.69134171618254481     
          24  0.73437500000000000       0.20384294391935392       0.96193976625564337     
          25  0.76562500000000000       0.20384294391935387       0.96193976625564337     
          26  0.79687500000000000       0.23370607753949091       0.69134171618254514     
          27  0.82812500000000000       0.28888595339607953       0.30865828381745497     
          28  0.85937500000000000       0.36098193559677444        3.8060233744356742E-002
          29  0.89062500000000000       0.43901806440322544        0.0000000000000000     
          30  0.92187500000000000       0.51111404660392035        0.0000000000000000     
          31  0.95312500000000000       0.56629392246050902        0.0000000000000000     
          32  0.98437500000000000       0.59615705608064606        0.0000000000000000     
          33   1.0156250000000000       0.59615705608064606        0.0000000000000000     

 start of step #           2 , time =    4.1935258075043377E-002 , dt =    4.1958013453638386E-002
 i,x(i),a(i),phi(i)
           0  -1.5625000000000000E-002  0.59583373811593376        0.0000000000000000     
           1   1.5625000000000000E-002  0.59583373811593376        0.0000000000000000     
           2   4.6875000000000000E-002  0.56598680037485827        0.0000000000000000     
           3   7.8125000000000000E-002  0.51083685060062178        0.0000000000000000     
           4  0.10937500000000000       0.43877996871081204        0.0000000000000000     
           5  0.14062500000000000       0.36078616177589168        0.0000000000000000     
           6  0.17187500000000000       0.28872927988608199      -0.11869033675089717     
           7  0.20312500000000000       0.23357933011184537       0.79401385983204220     
           8  0.23437500000000000       0.20373239237076993        1.0000000000000000     
           9  0.26562500000000000       0.20373239237076993        1.0000000000000000     
          10  0.29687500000000000       0.23357933011184537        1.1076306494424308     
          11  0.32812500000000000       0.28872927988608194       0.26897388756652846     
          12  0.35937500000000000       0.36078616177589162        0.0000000000000000     
          13  0.39062500000000000       0.43877996871081204        0.0000000000000000     
          14  0.42187500000000000       0.51083685060062167        0.0000000000000000     
          15  0.45312500000000000       0.56598680037485827        0.0000000000000000     
          16  0.48437500000000000       0.59583373811593376        0.0000000000000000     
          17  0.51562500000000000       0.59583373811593376        0.0000000000000000     
          18  0.54687500000000000       0.56598680037485838        0.0000000000000000     
          19  0.57812500000000000       0.51083685060062178        0.0000000000000000     
          20  0.60937500000000000       0.43877996871081210       -4.6063484511755497E-003
          21  0.64062500000000000       0.36078616177589184       -9.4155697284880602E-003
          22  0.67187500000000000       0.28872927988608205       0.19045364886496996     
          23  0.70312500000000000       0.23357933011184540       0.58338958917621120     
          24  0.73437500000000000       0.20373239237076993       0.91480589325680695     
          25  0.76562500000000000       0.20373239237076990       0.98882598924745180     
          26  0.79687500000000000       0.23357933011184531       0.78826963041039166     
          27  0.82812500000000000       0.28872927988608188       0.44370750801530806     
          28  0.85937500000000000       0.36078616177589173       0.14010216368615230     
          29  0.89062500000000000       0.43877996871081176        1.7816105469318125E-002
          30  0.92187500000000000       0.51083685060062167        0.0000000000000000     
          31  0.95312500000000000       0.56598680037485827        0.0000000000000000     
          32  0.98437500000000000       0.59583373811593376        0.0000000000000000     
          33   1.0156250000000000       0.59583373811593376        0.0000000000000000     

 start of step #           3 , time =    8.3893271528681757E-002 , dt =    4.2026452782765643E-002
 i,x(i),a(i),phi(i)
           0  -1.5625000000000000E-002  0.59486343349567894        0.0000000000000000     
           1   1.5625000000000000E-002  0.59486343349567894        0.0000000000000000     
           2   4.6875000000000000E-002  0.56506510096061646        0.0000000000000000     
           3   7.8125000000000000E-002  0.51000496189639777        0.0000000000000000     
           4  0.10937500000000000       0.43806542335414655        0.0000000000000000     
           5  0.14062500000000000       0.36019862794337981        1.4821871805227220E-002
           6  0.17187500000000000       0.28825908940112860      -0.19509490390481407     
           7  0.20312500000000000       0.23319895033690982       0.58383902322040859     
           8  0.23437500000000000       0.20340061780184740       0.96412049322759608     
           9  0.26562500000000000       0.20340061780184740       0.98930597747884497     
          10  0.29687500000000000       0.23319895033690982        1.1757253993400036     
          11  0.32812500000000000       0.28825908940112854       0.52647525843471543     
          12  0.35937500000000000       0.36019862794337970        9.6705084258448717E-002
          13  0.39062500000000000       0.43806542335414655        0.0000000000000000     
          14  0.42187500000000000       0.51000496189639766        0.0000000000000000     
          15  0.45312500000000000       0.56506510096061646        0.0000000000000000     
          16  0.48437500000000000       0.59486343349567894        0.0000000000000000     
          17  0.51562500000000000       0.59486343349567894        0.0000000000000000     
          18  0.54687500000000000       0.56506510096061657        0.0000000000000000     
          19  0.57812500000000000       0.51000496189639777        4.9621710644554267E-004
          20  0.60937500000000000       0.43806542335414667       -1.8680536861798984E-003
          21  0.64062500000000000       0.36019862794337998       -3.2645863469825231E-002
          22  0.67187500000000000       0.28825908940112865        9.0056349057931626E-002
          23  0.70312500000000000       0.23319895033690985       0.46677967945422683     
          24  0.73437500000000000       0.20340061780184740       0.84972392098021188     
          25  0.76562500000000000       0.20340061780184734       0.99585985065857230     
          26  0.79687500000000000       0.23319895033690977       0.86666690566002269     
          27  0.82812500000000000       0.28825908940112854       0.57242074214188721     
          28  0.85937500000000000       0.36019862794337981       0.26452931191609524     
          29  0.89062500000000000       0.43806542335414628        7.7214807948071812E-002
          30  0.92187500000000000       0.51000496189639766        1.0300448524672779E-002
          31  0.95312500000000000       0.56506510096061646        0.0000000000000000     
          32  0.98437500000000000       0.59486343349567894        0.0000000000000000     
          33   1.0156250000000000       0.59486343349567894        0.0000000000000000     

 start of step #           4 , time =   0.12591972431144741      , dt =    4.2141173994610676E-002
 i,x(i),a(i),phi(i)
           0  -1.5625000000000000E-002  0.59324403262228020        0.0000000000000000     
           1   1.5625000000000000E-002  0.59324403262228020        0.0000000000000000     
           2   4.6875000000000000E-002  0.56352682029568235        0.0000000000000000     
           3   7.8125000000000000E-002  0.50861657183201048        0.0000000000000000     
           4  0.10937500000000000       0.43687287479721693       -1.7938593517874647E-003
           5  0.14062500000000000       0.35921805670661583        3.5707007618899368E-002
           6  0.17187500000000000       0.28747435967182228      -0.23108470279384474     
           7  0.20312500000000000       0.23256411120815035       0.38245948853821871     
           8  0.23437500000000000       0.20284689888155250       0.89537912183988488     
           9  0.26562500000000000       0.20284689888155250       0.96639670832261471     
          10  0.29687500000000000       0.23256411120815035        1.2072047964947072     
          11  0.32812500000000000       0.28747435967182222       0.75211615953560007     
          12  0.35937500000000000       0.35921805670661572       0.26329818328874266     
          13  0.39062500000000000       0.43687287479721693        4.5267929570276949E-002
          14  0.42187500000000000       0.50861657183201037        0.0000000000000000     
          15  0.45312500000000000       0.56352682029568235        0.0000000000000000     
          16  0.48437500000000000       0.59324403262228020        0.0000000000000000     
          17  0.51562500000000000       0.59324403262228020        0.0000000000000000     
          18  0.54687500000000000       0.56352682029568246       -4.5264569555320081E-005
          19  0.57812500000000000       0.50861657183201048        4.6401747344010965E-004
          20  0.60937500000000000       0.43687287479721704        2.9636406082404693E-003
          21  0.64062500000000000       0.35921805670661600       -3.6903083106828938E-002
          22  0.67187500000000000       0.28747435967182233        1.2339238994670692E-002
          23  0.70312500000000000       0.23256411120815040       0.34796335729899475     
          24  0.73437500000000000       0.20284689888155250       0.76850127938234414     
          25  0.76562500000000000       0.20284689888155244       0.98324171826292173     
          26  0.79687500000000000       0.23256411120815032       0.92494876741260590     
          27  0.82812500000000000       0.28747435967182217       0.68810901418111103     
          28  0.85937500000000000       0.35921805670661583       0.39861810607363957     
          29  0.89062500000000000       0.43687287479721665       0.17299577027753224     
          30  0.92187500000000000       0.50861657183201037        5.0096849456557846E-002
          31  0.95312500000000000       0.56352682029568224        6.8879772141825051E-003
          32  0.98437500000000000       0.59324403262228020        0.0000000000000000     
          33   1.0156250000000000       0.59324403262228020        0.0000000000000000     

 start of step #           5 , time =   0.16806089830605808      , dt =    4.2303239688680543E-002
 i,x(i),a(i),phi(i)
           0  -1.5625000000000000E-002  0.59097128692697920        4.9593435942114038E-003
           1   1.5625000000000000E-002  0.59097128692697920        0.0000000000000000     
           2   4.6875000000000000E-002  0.56136792263369928        0.0000000000000000     
           3   7.8125000000000000E-002  0.50666803790562553        1.9324280530429389E-004
           4  0.10937500000000000       0.43519919433691751       -5.4927980925530808E-003
           5  0.14062500000000000       0.35784187549423074        5.5540745022818763E-002
           6  0.17187500000000000       0.28637303192552271      -0.23214646595436500     
           7  0.20312500000000000       0.23167314719744894       0.20087201549922409     
           8  0.23437500000000000       0.20206978290416897       0.79898048366005103     
           9  0.26562500000000000       0.20206978290416897       0.93010023886862703     
          10  0.29687500000000000       0.23167314719744894        1.2065831534406921     
          11  0.32812500000000000       0.28637303192552271       0.93254108961647519     
          12  0.35937500000000000       0.35784187549423063       0.46627184248949438     
          13  0.39062500000000000       0.43519919433691751       0.15280720220076152     
          14  0.42187500000000000       0.50666803790562542        2.6171824092540937E-002
          15  0.45312500000000000       0.56136792263369928        0.0000000000000000     
          16  0.48437500000000000       0.59097128692697920        0.0000000000000000     
          17  0.51562500000000000       0.59097128692697920        3.6211655644256046E-006
          18  0.54687500000000000       0.56136792263369928       -6.1452199934782902E-005
          19  0.57812500000000000       0.50666803790562553       -9.9696795199900640E-005
          20  0.60937500000000000       0.43519919433691762        6.6185438484453142E-003
          21  0.64062500000000000       0.35784187549423091       -2.8718973732852711E-002
          22  0.67187500000000000       0.28637303192552277       -4.0740999437036018E-002
          23  0.70312500000000000       0.23167314719744900       0.23356667095321162     
          24  0.73437500000000000       0.20206978290416897       0.67391397423044452     
          25  0.76562500000000000       0.20206978290416891       0.95162925358999240     
          26  0.79687500000000000       0.23167314719744891       0.96244752381135390     
          27  0.82812500000000000       0.28637303192552266       0.78617249670768230     
          28  0.85937500000000000       0.35784187549423074       0.53087512354301103     
          29  0.89062500000000000       0.43519919433691723       0.29348443083475095     
          30  0.92187500000000000       0.50666803790562542       0.12580598278727395     
          31  0.95312500000000000       0.56136792263369917        3.6410348691647013E-002
          32  0.98437500000000000       0.59097128692697920        4.9593435942114038E-003
          33   1.0156250000000000       0.59097128692697920        0.0000000000000000     

