 initial time = 0 i,xc(i),u(i)
           0  -5.0000000000000003E-002  0.17178276747988488     
           1   5.0000000000000003E-002  0.32821723252011542     
           2  0.15000000000000002       0.47699524986977337     
           3  0.25000000000000000       0.60355339059327373     
           4  0.35000000000000003       0.69550326209418389     
           5  0.45000000000000001       0.74384417029756889     
           6  0.55000000000000004       0.74384417029756889     
           7  0.65000000000000002       0.69550326209418389     
           8  0.75000000000000000       0.60355339059327373     
           9  0.85000000000000009       0.47699524986977326     
          10  0.95000000000000007       0.32821723252011548     
          11   1.0500000000000000       0.17178276747988463     
          12   1.1500000000000001        2.3004750130226459E-002
          13   1.2500000000000000      -0.10355339059327373     
          14   1.3500000000000001      -0.19550326209418389     
          15   1.4500000000000002      -0.24384417029756894     
          16   1.5500000000000000      -0.24384417029756889     
          17   1.6500000000000001      -0.19550326209418400     
          18   1.7500000000000000      -0.10355339059327384     
          19   1.8500000000000001        2.3004750130226514E-002
          20   1.9500000000000002       0.17178276747988488     
          21   2.0500000000000003       0.32821723252011542     

 Starting time step #            1
 time =    0.0000000000000000     
 10% of maximum stable time step: dt =   1.3443675973153869E-002

 i (i+1/2 is stored in i), alpha, psi, h
           0  0.25000000000000011       0.25000000000000011        1.4754659601524098E-002
           1  0.40260624119494443       0.40260624119494443        5.3863275861581753E-002
           2  0.54027432023152355       0.54027432023152355       0.11376223419916376     
           3  0.64952832634372870       0.64952832634372870       0.18213834764831843     
           4  0.71967371619587617       0.71967371619587617       0.24186239379182556     
           5  0.74384417029756889       0.74384417029756889       0.27665207484283932     
           6  0.71967371619587617       0.71967371619587617       0.27665207484283932     
           7  0.64952832634372870       0.64952832634372870       0.24186239379182556     
           8  0.54027432023152355       0.54027432023152355       0.18213834764831843     
           9  0.40260624119494437       0.40260624119494437       0.11376223419916372     
          10  0.25000000000000006       0.25000000000000006        5.3863275861581766E-002
          11   9.7393758805055547E-002   9.7427721270886697E-002   1.4757186035689387E-002
          12  -4.0274320231523629E-002   5.8110104350556573E-002   6.4902841899068271E-003
          13 -0.14952832634372881       0.14952832634372881        1.9110762744733580E-002
          14 -0.21967371619587645       0.21967371619587645        2.9729989694054902E-002
          15 -0.24384417029756894       0.24384417029756894        2.9729989694054888E-002
          16 -0.21967371619587647       0.21967371619587647        1.9110762744733605E-002
          17 -0.14952832634372892       0.14952832634372892        5.3616523516815673E-003
          18  -4.0274320231523664E-002   5.8110104350556586E-002  -8.6402257394819267E-004
          19   9.7393758805055700E-002   9.7427721270886836E-002   2.6208283011174699E-004
          20  0.25000000000000011       0.25000000000000011        1.4754659601524098E-002

 i, u at new time
           0  0.16983443241857565     
           1  0.32295959687252912     
           2  0.46894262799957442     
           3  0.59436112745813330     
           4  0.68747415485259389     
           5  0.73916715830497692     
           6  0.74384417029756889     
           7  0.70018027408677586     
           8  0.61158249783486374     
           9  0.48618751300491370     
          10  0.33626985439031443     
          11  0.17704006348184809     
          12   2.4116125627392144E-002
          13 -0.10525004683644601     
          14 -0.19693087655610447     
          15 -0.24384417029756894     
          16 -0.24241655583564831     
          17 -0.19365487624375086     
          18 -0.10271643102913029     
          19   2.2853360168588521E-002
          20  0.16983443241857565     
          21  0.32295959687252912     

 Starting time step #            2
 time =    1.3443675973153869E-002
 10% of maximum stable time step: dt =   1.3443675973153869E-002

 i (i+1/2 is stored in i), alpha, psi, h
           0  0.24639701464555236       0.24639701464555236        1.4421867217469873E-002
           1  0.39595111243605180       0.39595111243605180        5.2151450606033253E-002
           2  0.53165187772885381       0.53165187772885381       0.10995359417757361     
           3  0.64091764115536354       0.64091764115536354       0.17663257491665169     
           4  0.71332065657878541       0.71332065657878541       0.23631035679514412     
           5  0.74150566430127207       0.74150566430127207       0.27318404395832740     
           6  0.72201222219217198       0.72201222219217198       0.27665207484283932     
           7  0.65588138596081991       0.65588138596081991       0.24512620811011629     
           8  0.54888500541988872       0.54888500541988872       0.18701657582896558     
           9  0.41122868369761406       0.41122868369761406       0.11818914890095156     
          10  0.25665495893608120       0.25665495893608120        5.6538707485841631E-002
          11  0.10057809455462012       0.10057809455462012        1.5671592038828400E-002
          12  -4.0566960604526928E-002   5.8228391463446209E-002   6.6811820347635921E-003
          13 -0.15109046169627524       0.15109046169627524        1.9390885070577828E-002
          14 -0.22038752342683673       0.22038752342683673        2.9729989694054902E-002
          15 -0.24313036306660954       0.24313036306660954        2.9382893271608999E-002
          16 -0.21803571603969954       0.21803571603969954        1.8751105546491231E-002
          17 -0.14818565363644060       0.14818565363644060        5.2753326016810390E-003
          18  -3.9931535430270879E-002   5.7972637609094900E-002  -8.7157068128820674E-004
          19   9.6343896293582088E-002   9.6410731765142504E-002   2.5622626086047214E-004
          20  0.24639701464555236       0.24639701464555236        1.4421867217469873E-002

 i, u at new time
           0  0.16793004954884871     
           1  0.31788735393574979     
           2  0.46117189511227935     
           3  0.58539702134536997     
           4  0.67945126722888383     
           5  0.73420997928340415     
           6  0.74337793946280617     
           7  0.70441850945805140     
           8  0.61939456850793284     
           9  0.49544044926177516     
          10  0.34455793997018086     
          11  0.18253410606211926     
          12   2.5324767216996627E-002
          13 -0.10695869812973098     
          14 -0.19832083228021011     
          15 -0.24379750777922091     
          16 -0.24098725274372992     
          17 -0.19184323699417263     
          18 -0.10189006126938475     
          19   2.2701742802050916E-002
          20  0.16793004954884871     
          21  0.31788735393574979     

 Starting time step #            3
 time =    2.6887351946307737E-002
 10% of maximum stable time step: dt =   1.3452107560827526E-002

 i (i+1/2 is stored in i), alpha, psi, h
           0  0.24290870174229928       0.24290870174229928        1.4100250770739394E-002
           1  0.38952962452401457       0.38952962452401457        5.0526184896136334E-002
           2  0.52328445822882452       0.52328445822882452       0.10633975842072560     
           3  0.63242414428712712       0.63242414428712712       0.17134483630001579     
           4  0.70683062325614365       0.70683062325614365       0.23082701226946806     
           5  0.73879395937310666       0.73879395937310666       0.26953214683966831     
           6  0.72389822446042884       0.72389822446042884       0.27630538043998376     
           7  0.66190653898299201       0.66190653898299201       0.24810271823355143     
           8  0.55741750888485408       0.55741750888485408       0.19182481574856419     
           9  0.41999919461597796       0.41999919461597796       0.12273061938235480     
          10  0.26354602301615004       0.26354602301615004        5.9360086998247380E-002
          11  0.10392943663955795       0.10392943663955795        1.6659349937948500E-002
          12  -4.0816965456367170E-002   5.8330123345331365E-002   6.8784321601617401E-003
          13 -0.15263976520497055       0.15263976520497055        1.9665576258157614E-002
          14 -0.22105917002971548       0.22105917002971548        2.9718612399679638E-002
          15 -0.24239238026147550       0.24239238026147550        2.9037427992485182E-002
          16 -0.21641524486895128       0.21641524486895128        1.8401913790201146E-002
          17 -0.14686664913177869       0.14686664913177869        5.1907922927394894E-003
          18  -3.9594159233666923E-002   5.7838487227104864E-002  -8.7886230626147950E-004
          19   9.5315896175449819E-002   9.5425600318645651E-002   2.4971848964551544E-004
          20  0.24290870174229928       0.24290870174229928        1.4100250770739394E-002

 i, u at new time
           0  0.16606686104864882     
           1  0.31298729809716525     
           2  0.45366379316821004     
           3  0.57665246834904815     
           4  0.67144966093795244     
           5  0.72900332294945780     
           6  0.74246679679354566     
           7  0.70821236191307757     
           8  0.62696513248319097     
           9  0.50473507487524705     
          10  0.35308261214836001     
          11  0.18827825514073682     
          12   2.6640506796900602E-002
          13 -0.10867883850775140     
          14 -0.19967317751509653     
          15 -0.24370587412007752     
          16 -0.23955655193359160     
          17 -0.19006606272034249     
          18 -0.10107356480415643     
          19   2.2549924899474664E-002
          20  0.16606686104864882     
          21  0.31298729809716525     

 Starting time step #            4
 time =    4.0339459507135265E-002
 10% of maximum stable time step: dt =   1.3468615759231932E-002

 i (i+1/2 is stored in i), alpha, psi, h
           0  0.23952707957290700       0.23952707957290700        1.3789101169275616E-002
           1  0.38332554563268767       0.38332554563268767        4.8980524385081881E-002
           2  0.51515813075862915       0.51515813075862915       0.10290541861588424     
           3  0.62405106464350002       0.62405106464350002       0.16626403462652500     
           4  0.70022649194370556       0.70022649194370556       0.22542232358684566     
           5  0.73573505987150178       0.73573505987150178       0.26572292243567575     
           6  0.72533957935331161       0.72533957935331161       0.27562847217043412     
           7  0.66758874719813444       0.66758874719813444       0.25078237478324999     
           8  0.56585010367921906       0.56585010367921906       0.19654263867483260     
           9  0.42890884351180342       0.42890884351180342       0.12737874790466061     
          10  0.27068043364454841       0.27068043364454841        6.2333665500754608E-002
          11  0.10745938096881870       0.10745938096881870        1.7724350679420194E-002
          12  -4.1019165855425400E-002   5.8412859837374487E-002   7.0823966107303625E-003
          13 -0.15417600801142398       0.15417600801142398        1.9934688909487627E-002
          14 -0.22168952581758700       0.22168952581758700        2.9696276540315536E-002
          15 -0.24163121302683443       0.24163121302683443        2.8693670787155789E-002
          16 -0.21481130732696707       0.21481130732696707        1.8062554099006582E-002
          17 -0.14556981376224948       0.14556981376224948        5.1079327511100031E-003
          18  -3.9261819952340883E-002   5.7707452529850170E-002  -8.8590717802536747E-004
          19   9.4308392974061739E-002   9.4470364926750289E-002   2.4262669728999410E-004
          20  0.23952707957290700       0.23952707957290700        1.3789101169275616E-002

 i, u at new time
           0  0.16424233845309463     
           1  0.30824750052402317     
           2  0.44640085636569105     
           3  0.56811893980820771     
           4  0.66348185830815076     
           5  0.72357539014183947     
           6  0.74113265636093140     
           7  0.71155878730132194     
           8  0.63427047412845505     
           9  0.51405049356721644     
          10  0.36184328436761787     
          11  0.19428651234684846     
          12   2.8073830699686386E-002
          13 -0.11040986437372437     
          14 -0.20098792824509346     
          15 -0.24357083700360449     
          16 -0.23812468767594919     
          17 -0.18832125454793086     
          18 -0.10026627753487777     
          19   2.2397927008095668E-002
          20  0.16424233845309463     
          21  0.30824750052402317     

