 variables at i+1/2 are stored at (i)
 initial time = 0 i,xc(i),u(i)
          -1 -0.15000000000000002        2.3004750130226514E-002
           0  -5.0000000000000003E-002  0.17178276747988488     
           1   5.0000000000000003E-002  0.32821723252011542     
           2  0.15000000000000002       0.47699524986977337     
           3  0.25000000000000000       0.60355339059327373     
           4  0.35000000000000003       0.69550326209418389     
           5  0.45000000000000001       0.74384417029756889     
           6  0.55000000000000004       0.74384417029756889     
           7  0.65000000000000002       0.69550326209418389     
           8  0.75000000000000000       0.60355339059327373     
           9  0.85000000000000009       0.47699524986977326     
          10  0.95000000000000007       0.32821723252011548     
          11   1.0500000000000000       0.17178276747988463     
          12   1.1500000000000001        2.3004750130226459E-002
          13   1.2500000000000000      -0.10355339059327373     
          14   1.3500000000000001      -0.19550326209418389     
          15   1.4500000000000002      -0.24384417029756894     
          16   1.5500000000000000      -0.24384417029756889     
          17   1.6500000000000001      -0.19550326209418400     
          18   1.7500000000000000      -0.10355339059327384     
          19   1.8500000000000001        2.3004750130226514E-002
          20   1.9500000000000002       0.17178276747988488     
          21   2.0500000000000003       0.32821723252011542     
          22   2.1499999999999999       0.47699524986977337     

 Starting time step #            1
 time =    0.0000000000000000     
 10% of maximum stable time step: dt =   1.3443675973153869E-002

 i (i+1/2 is stored in i), alpha
          -1   9.7393758805055700E-002
           0  0.25000000000000011     
           1  0.40260624119494443     
           2  0.54027432023152355     
           3  0.64952832634372870     
           4  0.71967371619587617     
           5  0.74384417029756889     
           6  0.71967371619587617     
           7  0.64952832634372870     
           8  0.54027432023152355     
           9  0.40260624119494437     
          10  0.25000000000000006     
          11   9.7393758805055547E-002
          12  -4.0274320231523629E-002
          13 -0.14952832634372881     
          14 -0.21967371619587645     
          15 -0.24384417029756891     
          16 -0.21967371619587647     
          17 -0.14952832634372892     
          18  -4.0274320231523664E-002
          19   9.7393758805055700E-002
          20  0.25000000000000011     
          21  0.40260624119494443     

 i, G
          -1   3.6633547965696520E-003
           0   7.1526903049544842E-003
           1   1.8897103674080536E-002
           2   2.8328461257328505E-002
           3   2.7254456777421419E-002
           4   1.5711879224806210E-002
           5   0.0000000000000000     
           6  -0.0000000000000000     
           7  -1.5711879224806210E-002
           8  -2.7254456777421419E-002
           9  -2.8328461257328470E-002
          10  -1.8897103674080571E-002
          11  -7.1526903049544642E-003
          12  -3.6633547965696464E-003
          13  -3.6633547965696464E-003
          14  -5.1528087875881250E-003
          15   0.0000000000000000     
          16   6.5461681446312522E-018
          17   5.1528087875881076E-003
          18   3.6633547965696520E-003
          19   3.6633547965696520E-003
          20   7.1526903049544842E-003
          21   1.8897103674080536E-002
          22   2.8328461257328505E-002

 i  (i+1/2 is stored in i), beta, psi, phi, h
           0   7.5075613076093686E-002  0.32507561307609378       -2.4803235650148678E-002   2.1907349906478586E-002
           1   6.3392144560458830E-002  0.46599838575540325       -2.2104750989420940E-002   7.2760379535662292E-002
           2  -8.4862536204093914E-003  0.53178806661111411       -1.1719190934497636E-002  0.14209069545649228     
           3 -0.12553119829537723       0.52399712804835152       -5.2151325886642605E-003  0.20939280442573988     
           4 -0.32502242528629222       0.39465129090958395       -3.3659226014013735E-003  0.25757427301663177     
           5   0.0000000000000000       0.74384417029756889        0.0000000000000000       0.27665207484283932     
           6  0.32502242528629222        1.0446961414821683        3.4789681051013779E-002  0.27665207484283932     
           7  0.12553119829537723       0.77505952463910588        2.8300287693894671E-002  0.22615051456701935     
           8   8.4862536204091104E-003  0.54876057385193266        1.3867199894311871E-002  0.15488389087089699     
           9  -6.3392144560458427E-002  0.33921409663448593        3.2420358229249963E-003   8.5433772941835240E-002
          10  -7.5075613076093894E-002  0.17492438692390616        1.3144089118965752E-003   3.4966172187501199E-002
          11  -2.3453300229053193E-002   7.7335957072147618E-002   6.8984526150828868E-004   7.8545570636547098E-003
          12  -0.0000000000000000        5.8110104350556573E-002   2.7597170715727010E-005   2.8269293933371803E-003
          13   1.6198543474894744E-002  0.13332978286883407        3.4434928178757752E-003   1.3957953957145455E-002
          14 -0.10659313155451436       0.32626684775039083        1.0619226949321322E-002   2.9729989694054902E-002
          15   0.0000000000000000       0.24384417029756891       -6.9899024696176844E-018   2.9729989694054892E-002
          16  0.10659313155451423       0.11308058464136224       -3.1360937414507198E-004   2.4263571532321712E-002
          17  -1.6198543474894495E-002  0.16572686981862342       -6.4224007999127315E-003   9.0250071482512184E-003
          18   0.0000000000000000        5.8110104350556586E-002  -2.7597170715727010E-005   2.7993322226214593E-003
          19   2.3453300229053259E-002  0.12084705903410896       -7.1633407441077171E-003   3.9279640608467295E-003
          20   7.5075613076093686E-002  0.32507561307609378       -2.4803235650148678E-002   2.1907349906478586E-002

 i, u at new time
          -1   2.2853020522965659E-002
           0  0.16936567710483505     
           1  0.32138071599423601     
           2  0.46767470684621310     
           3  0.59450551314034916     
           4  0.68902590157771748     
           5  0.74127941243725315     
           6  0.74384417029756889     
           7  0.70229252821905208     
           8  0.61313424455998733     
           9  0.48633189868712956     
          10  0.33500193323695310     
          11  0.17542756516822314     
          12   2.3680648103360572E-002
          13 -0.10504980946812428     
          14 -0.19762360347302402     
          15 -0.24384417029756894     
          16 -0.24310928275256785     
          17 -0.19345463887542913     
          18 -0.10271643102913029     
          19   2.2853020522965659E-002
          20  0.16936567710483505     
          21  0.32138071599423601     
          22  0.46767470684621310     

 Starting time step #            2
 time =    1.3443675973153869E-002
 10% of maximum stable time step: dt =   1.3443675973153869E-002

 i (i+1/2 is stored in i), alpha
          -1   9.6109348813900347E-002
           0  0.24537319654953552     
           1  0.39452771142022458     
           2  0.53109010999328121     
           3  0.64176570735903316     
           4  0.71515265700748543     
           5  0.74256179136740719     
           6  0.72306834925831054     
           7  0.65771338638951959     
           8  0.54973307162355844     
           9  0.41066691596204136     
          10  0.25521474920258808     
          11   9.9554106635791853E-002
          12  -4.0684580682381857E-002
          13 -0.15133670647057418     
          14 -0.22073388688529647     
          15 -0.24347672652507160     
          16 -0.21828196081399845     
          17 -0.14808553495227975     
          18  -3.9931705253082310E-002
          19   9.6109348813900347E-002
          20  0.24537319654953552     
          21  0.39452771142022458     

 i, G
          -1   3.6263415686584063E-003
           0   6.9551932585094293E-003
           1   1.8034990286553546E-002
           2   2.7327889051846941E-002
           3   2.7713195946937157E-002
           4   1.6888226908211481E-002
           5   8.5718520209371210E-004
           6  -0.0000000000000000     
           7  -1.3562062664463467E-002
           8  -2.6727772443471510E-002
           9  -2.9357598447391799E-002
          10  -1.9664211257982084E-002
          11  -7.4524955992369864E-003
          12  -3.7366365337634824E-003
          13  -3.7366365337634824E-003
          14  -4.9498451843227095E-003
          15   0.0000000000000000     
          16   8.6535651158785309E-005
          17   5.2603248498732267E-003
          18   3.6263415686584063E-003
          19   3.6263415686584063E-003
          20   6.9551932585094293E-003
          21   1.8034990286553546E-002
          22   2.7327889051846941E-002

 i  (i+1/2 is stored in i), beta, psi, phi, h
           0   7.2886190136130277E-002  0.31825938668566578       -2.3390029498875406E-002   2.1297559549099059E-002
           1   6.3522081195365843E-002  0.45804979261559042       -2.1647052832254710E-002   6.9677772593037424E-002
           2   3.0379598328551354E-003  0.53412806982613636       -1.2702808761595380E-002  0.13668770476369263     
           3 -0.11452522802420119       0.52724047933483198       -5.2335520514839515E-003  0.20443159852407208     
           4 -0.30679358080285407       0.40835907620463135       -3.5927833127434652E-003  0.25426657343070469     
           5 -0.33421681452150331       0.40834497684590387       -1.9012078699226715E-004  0.27560476885375329     
           6  0.32639053443029581        1.0494588836886063        3.0044677246685299E-002  0.27665207484283932     
           7  0.14766670284224881       0.80538008923176840        3.1516471341153915E-002  0.23304533493169058     
           8   2.0739569018361572E-002  0.57047264064192005        1.6251898198815937E-002  0.16123902848260169     
           9  -6.4054644832395369E-002  0.34661227112964599        3.4310133092826378E-003   8.8901759392922428E-002
          10  -7.6526799426117190E-002  0.17868794977647090        1.3973098098582284E-003   3.6448936378265906E-002
          11  -2.4487212902554064E-002   7.8175192673786073E-002   6.7371234619819850E-004   8.1707571019606923E-003
          12  -0.0000000000000000        5.8276175526506206E-002   2.8645673516345879E-005   2.9133817277292753E-003
          13   1.3105314129126159E-002  0.13823139234144802        4.1101227215414905E-003   1.4577699140508807E-002
          14 -0.10709183215152931       0.32782571903682578        1.0202445369223385E-002   2.9729989694054902E-002
          15  0.11775359610790113       0.12572313041717048       -5.8567115033408970E-006   2.9637597331392776E-002
          16  0.10419547487876524       0.11408648593523321       -3.1806332927618829E-004   2.3972673501084573E-002
          17  -1.8007665348456291E-002  0.16609320030073604       -6.1843329122134999E-003   8.9016741703394440E-003
          18   0.0000000000000000        5.7972705422095212E-002  -2.6917687526902163E-005   2.7547725938328414E-003
          19   2.2720574232376320E-002  0.11882992304627667       -6.8285528797612672E-003   3.8874718421699509E-003
          20   7.2886190136130277E-002  0.31825938668566578       -2.3390029498875406E-002   2.1297559549099059E-002

 i, u at new time
          -1   2.2700744106268867E-002
           0  0.16702512132687361     
           1  0.31487663691748741     
           2  0.45866610869536001     
           3  0.58539824357160619     
           4  0.68232624902996730     
           5  0.73841077458606019     
           6  0.74370337387394869     
           7  0.70815487703516289     
           8  0.62278765172729278     
           9  0.49605668675137443     
          10  0.34205352080181539     
          11  0.17922919196123716     
          12   2.4387432613364630E-002
          13 -0.10661792250557853     
          14 -0.19966062831755355     
          15 -0.24383174936770871     
          16 -0.24234770874869524     
          17 -0.19142854255948757     
          18 -0.10189006149879606     
          19   2.2700744106268867E-002
          20  0.16702512132687361     
          21  0.31487663691748741     
          22  0.45866610869536001     

 Starting time step #            3
 time =    2.6887351946307737E-002
 10% of maximum stable time step: dt =   1.3446221102789990E-002

 i (i+1/2 is stored in i), alpha
          -1   9.4862932716571244E-002
           0  0.24095087912218052     
           1  0.38677137280642371     
           2  0.52203217613348296     
           3  0.63386224630078669     
           4  0.71036851180801375     
           5  0.74105707423000688     
           6  0.72592912545455535     
           7  0.66547126438122817     
           8  0.55942216923933352     
           9  0.41905510377659488     
          10  0.26064135638152625     
          11  0.10180831228730090     
          12  -4.1115244946106945E-002
          13 -0.15313927541156605     
          14 -0.22174618884263109     
          15 -0.24308972905820195     
          16 -0.21688812565409135     
          17 -0.14665930202914185     
          18  -3.9594658696263600E-002
          19   9.4862932716571244E-002
          20  0.24095087912218052     
          21  0.38677137280642371     

 i, G
          -1   3.5899522217315311E-003
           0   6.7677205978962200E-003
           1   1.7235373686949801E-002
           2   2.6360700195384300E-002
           3   2.8101262563072445E-002
           4   1.8017594958561051E-002
           5   1.7656509628664148E-003
           6  -0.0000000000000000     
           7  -1.1643397493320612E-002
           8  -2.5863042592189533E-002
           9  -3.0449704179878342E-002
          10  -2.0475713910535112E-002
          11  -7.7741882553233064E-003
          12  -3.8138942781714546E-003
          13  -3.8138942781714546E-003
          14  -4.7513659635461947E-003
          15   0.0000000000000000     
          16   1.7448162752100525E-004
          17   5.3608452155278373E-003
          18   3.5899522217315311E-003
          19   3.5899522217315311E-003
          20   6.7677205978962200E-003
          21   1.7235373686949801E-002
          22   2.6360700195384300E-002

 i  (i+1/2 is stored in i), beta, psi, phi, h
           0   7.0798415878518789E-002  0.31174929500069931       -2.2089511465312735E-002   2.0716416175024642E-002
           1   6.3463106134303032E-002  0.45023447894072677       -2.1142904020738713E-002   6.6809021925183398E-002
           2   1.3734183278675156E-002  0.53576635941215811       -1.3436851764720259E-002  0.13154799982825621     
           3 -0.10403255031223348       0.52982969598855323       -5.2364781431467958E-003  0.19944681435143322     
           4 -0.28977590225739303       0.42059260955062072       -3.8054910376181181E-003  0.25080215001621353     
           5 -0.33360752757286999       0.40744954665713690       -3.9081621762163989E-004  0.27439088697525915     
           6  0.32753557896200214        1.0534647044165575        2.5805689221403805E-002  0.27654735415574716     
           7  0.16657030901012540       0.83204157339135354        3.3522640375704280E-002  0.23909826744102275     
           8   3.6192114441489301E-002  0.59561428368082281        1.9170026152243169E-002  0.16806918697980833     
           9  -6.4764839137203392E-002  0.35429026463939151        3.6364043291599452E-003   9.2586414055497279E-002
          10  -7.8007541905165206E-002  0.18263381447636104        1.4873260998497506E-003   3.8024591635923866E-002
          11  -2.5576394855179388E-002   7.9056526176888964E-002   6.5316906766586455E-004   8.5060470639702814E-003
          12  -0.0000000000000000        5.8452316834891868E-002   2.9777968137079114E-005   3.0054210512877769E-003
          13   1.0075713912160143E-002  0.14306356149940591        4.7457606232849704E-003   1.5180817286533938E-002
          14 -0.10756724870421880       0.32931343754684989        9.7947777497784244E-003   2.9726960999858557E-002
          15  0.11757200260259278       0.12551772645560916       -1.1791776945340539E-005   2.9540687595392211E-002
          16  0.10185484123473497       0.11503328441935638       -3.2207208359075808E-004   2.3683288668752609E-002
          17  -1.9778010223291020E-002  0.16643731225243286       -5.9517466936474910E-003   8.7807445378457524E-003
          18   0.0000000000000000        5.7838684986368016E-002  -2.6263914126102399E-005   2.7110951467386349E-003
          19   2.2018237233113861E-002  0.11688116994968510       -6.5111292421762123E-003   3.8476141132206820E-003
          20   7.0798415878518789E-002  0.31174929500069931       -2.2089511465312735E-002   2.0716416175024642E-002

 i, u at new time
          -1   2.2547925253160548E-002
           0  0.16475690490425146     
           1  0.30867892323628376     
           2  0.44996116258682650     
           3  0.57626841884464652     
           4  0.67542089704840103     
           5  0.73523898085919137     
           6  0.74341341052885113     
           7  0.71319036403580027     
           8  0.63233837893338629     
           9  0.50620626729329421     
          10  0.34939002408206288     
          11  0.18319832073070766     
          12   2.5127058949067502E-002
          13 -0.10825505320351049     
          14 -0.20161653496317675     
          15 -0.24380670263388848     
          16 -0.24156010993814683     
          17 -0.18942471352570497     
          18 -0.10107392302150366     
          19   2.2547925253160548E-002
          20  0.16475690490425146     
          21  0.30867892323628376     
          22  0.44996116258682650     

 Starting time step #            4
 time =    4.0333573049097723E-002
 10% of maximum stable time step: dt =   1.3451465709888364E-002

 i (i+1/2 is stored in i), alpha
          -1   9.3652415078706003E-002
           0  0.23671791407026760     
           1  0.37932004291155519     
           2  0.51311479071573651     
           3  0.62584465794652377     
           4  0.70532993895379570     
           5  0.73932619569402325     
           6  0.72830188728232592     
           7  0.67276437148459300     
           8  0.56927232311334031     
           9  0.42779814568767865     
          10  0.26629417240638525     
          11  0.10416268983988758     
          12  -4.1563997127221489E-002
          13 -0.15493579408334360     
          14 -0.22271161879853260     
          15 -0.24268340628601684     
          16 -0.21549241173192593     
          17 -0.14524931827360429     
          18  -3.9262998884171556E-002
          19   9.3652415078706003E-002
          20  0.23671791407026760     
          21  0.37932004291155519     

 i, G
          -1   3.5541621269394737E-003
           0   6.5895429280873278E-003
           1   1.6492048214668528E-002
           2   2.5428371405434459E-002
           3   2.8415005679682626E-002
           4   1.9094237387975700E-002
           5   2.7212678434219233E-003
           6  -0.0000000000000000     
           7  -9.9275474351625467E-003
           8  -2.4735914415160900E-002
           9  -3.1612621727837853E-002
          10  -2.1335307819489963E-002
          11  -8.1172140908281291E-003
          12  -3.8951208981595447E-003
          13  -3.8951208981595447E-003
          14  -4.5573740905184117E-003
          15   0.0000000000000000     
          16   2.6370632427895189E-004
          17   5.4545604672250284E-003
          18   3.5541621269394737E-003
          19   3.5541621269394737E-003
          20   6.5895429280873278E-003
          21   1.6492048214668528E-002
          22   2.5428371405434459E-002

 i  (i+1/2 is stored in i), beta, psi, phi, h
           0   6.8804658254137535E-002  0.30552257232440516       -2.0889834112166848E-002   2.0161961784901608E-002
           1   6.3251568150711091E-002  0.44257161106226628       -2.0607088663751424E-002   6.4133387039824297E-002
           2   2.3645785386643272E-002  0.53676057610237982       -1.3953378549741303E-002  0.12666089532367872     
           3  -9.4004390616975894E-002  0.53184026732954792       -5.2240374466136358E-003  0.19445765095853709     
           4 -0.27371270528061153       0.43161723367318416       -4.0030106266463888E-003  0.24719093147280910     
           5 -0.33290002524851264       0.40642617044551060       -6.0103430279405141E-004  0.27300944733085308     
           6  0.32847606668127172        1.0567779539635977        2.2011501800310425E-002  0.27633174947706907     
           7  0.18315403092751303       0.85591840241210604        3.4539240070382130E-002  0.24439270024159609     
           8   5.4519877795268255E-002  0.62379220090860854        2.2331691382224600E-002  0.17518999832089049     
           9  -6.5537304668779481E-002  0.36226084101889916        3.8604546037970880E-003   9.6509770795667166E-002
          10  -7.9535220243315760E-002  0.18675895216306948        1.5852664657766899E-003   3.9701386644542272E-002
          11  -2.6710061937134332E-002   7.9994547845211761E-002   6.3250412455673199E-004   8.8645005147736516E-003
          12  -0.0000000000000000        5.8637829285958384E-002   3.0995725884335086E-005   3.1031292718233677E-003
          13   7.0934306083922025E-003  0.14784236347495139        5.3502871321946654E-003   1.5767239494760523E-002
          14 -0.10801981461861135       0.33073143341714395        9.3962405393257266E-003   2.9720854124604658E-002
          15  0.11738056692643904       0.12530283935957781       -1.7798119381965002E-005   2.9439349680943746E-002
          16   9.9564873390073708E-002  0.11592753834185222       -3.2566137506703872E-004   2.3395421514372725E-002
          17  -2.1509692549895019E-002  0.16675901082349931       -5.7245678357903257E-003   8.6621310844178980E-003
          18   0.0000000000000000        5.7707915406892289E-002  -2.5634908799047375E-005   2.6682692576452164E-003
          19   2.1344508684297905E-002  0.11499692376300391       -6.2098901363242739E-003   3.8083665935505322E-003
          20   6.8804658254137535E-002  0.30552257232440516       -2.0889834112166848E-002   2.0161961784901608E-002

 i, u at new time
          -1   2.2394565450961895E-002
           0  0.16255710665475293     
           1  0.30276412204596864     
           2  0.44155029625077624     
           3  0.56714876150800675     
           4  0.66832749790232449     
           5  0.73176601205174452     
           6  0.74296651219487397     
           7  0.71748663429177428     
           8  0.64164715665256622     
           9  0.51678991111931172     
          10  0.35703158439649307     
          11  0.18734633389445079     
          12   2.5902047826232330E-002
          13 -0.10995856164761135     
          14 -0.20349350065040020     
          15 -0.24376883616017764     
          16 -0.24074711301329024     
          17 -0.18744287001558133     
          18 -0.10026766075317724     
          19   2.2394565450961895E-002
          20  0.16255710665475293     
          21  0.30276412204596864     
          22  0.44155029625077624     

